0	-24.9691
24.66067	-56.1691
49.32134	-57.3691
73.98201	-60.5691
98.64268	-56.9691
123.30335	-58.9691
147.96402	-60.9691
172.62468	-60.5691
197.28535	-58.9691
221.94602	-60.5691
246.60669	-60.9691
271.26736	-56.9691
295.92803	-60.9691
320.5887	-60.9691
345.24937	-59.7691
369.91004	-55.7691
394.57071	-59.7691
419.23138	-60.9691
443.89205	-60.9691
468.55272	-60.9691
493.21339	-52.5691
517.87406	-57.7691
542.53473	-60.9691
567.1954	-60.9691
591.85607	-60.9691
616.51674	-58.9691
641.17741	-60.9691
665.83808	-60.9691
690.49875	-60.9691
715.15942	-56.9691
739.82009	-60.9691
764.48076	-60.9691
789.14143	-58.9691
813.8021	-58.9691
838.46277	-58.1691
863.12344	-58.9691
887.78411	-60.9691
912.44478	-60.9691
937.10545	-57.7691
961.76612	-60.9691
986.42679	-60.9691
1011.08746	-58.9691
1035.74813	-60.9691
1060.4088	-58.1691
1085.06947	-60.9691
1109.73014	-60.9691
1134.39081	-57.3691
1159.05148	-58.9691
1183.71215	-60.5691
1208.37282	-58.9691
1233.03349	-57.3691
1257.69416	-60.9691
1282.35483	-60.9691
1307.0155	-56.5691
1331.67617	-57.7691
1356.33684	-60.9691
1380.99751	-57.7691
1405.65818	-60.5691
1430.31885	-58.9691
1454.97952	-58.1691
1479.64019	-56.9691
1504.30086	-56.9691
1528.96153	-60.9691
1553.6222	-58.9691
1578.28287	-60.9691
1602.94354	-60.9691
1627.60421	-57.7691
1652.26488	-58.9691
1676.92555	-59.7691
1701.58622	-60.9691
1726.24689	-59.7691
1750.90756	-58.9691
1775.56823	-60.9691
1800.2289	-60.9691
1824.88957	-60.9691
1849.55024	-57.7691
1874.21091	-60.5691
1898.87158	-58.9691
1923.53225	-60.5691
1948.19292	-58.9691
1972.85359	-60.5691
1997.51426	-56.5691
2022.17493	-58.1691
2046.8356	-56.9691
2071.49627	-59.7691
2096.15694	-58.9691
2120.81761	-60.9691
2145.47828	-57.7691
2170.13895	-56.9691
2194.79962	-60.5691
2219.46029	-58.9691
2244.12096	-56.5691
2268.78163	-53.7691
2293.4423	-57.7691
2318.10297	-57.7691
2342.76364	-58.9691
2367.42431	-57.7691
2392.08498	-57.7691
2416.74565	-56.9691
2441.40632	-56.9691
2466.06699	-55.7691
2490.72766	-60.5691
2515.38833	-60.9691
2540.049	-54.5691
2564.70967	-57.7691
2589.37034	-60.9691
2614.03101	-55.7691
2638.69168	-60.9691
2663.35235	-56.9691
2688.01302	-60.5691
2712.67369	-57.7691
2737.33436	-60.9691
2761.99503	-57.7691
2786.6557	-58.9691
2811.31637	-56.9691
2835.97704	-58.1691
2860.63771	-60.9691
2885.29838	-60.5691
2909.95905	-60.9691
2934.61972	-58.1691
2959.28039	-58.9691
2983.94106	-58.1691
3008.60173	-57.7691
3033.2624	-56.9691
3057.92307	-55.3691
3082.58374	-60.5691
3107.24441	-56.9691
3131.90508	-60.5691
3156.56575	-57.7691
3181.22642	-58.1691
3205.88709	-56.9691
3230.54776	-58.1691
3255.20843	-58.1691
3279.8691	-58.9691
3304.52977	-60.9691
3329.19044	-55.3691
3353.85111	-57.7691
3378.51178	-57.7691
3403.17245	-57.7691
3427.83312	-58.9691
3452.49379	-60.9691
3477.15446	-59.7691
3501.81513	-58.1691
3526.4758	-55.7691
3551.13647	-56.1691
3575.79714	-60.9691
3600.45781	-57.7691
3625.11848	-57.7691
3649.77915	-56.5691
3674.43982	-56.1691
3699.10049	-54.5691
3723.76116	-57.7691
3748.42183	-58.9691
3773.0825	-54.5691
3797.74317	-56.5691
3822.40384	-57.3691
3847.06451	-55.3691
3871.72518	-54.9691
3896.38585	-57.7691
3921.04652	-60.9691
3945.70719	-56.1691
3970.36786	-56.5691
3995.02853	-58.9691
4019.6892	-59.7691
4044.34987	-55.7691
4069.01054	-56.1691
4093.67121	-55.7691
4118.33188	-56.1691
4142.99255	-56.9691
4167.65322	-60.9691
4192.31389	-55.3691
4216.97456	-55.3691
4241.63523	-57.3691
4266.2959	-54.9691
4290.95657	-54.1691
4315.61724	-53.3691
4340.27791	-56.5691
4364.93858	-56.9691
4389.59925	-57.7691
4414.25992	-56.1691
4438.92059	-58.9691
4463.58126	-57.7691
4488.24193	-53.7691
4512.9026	-53.7691
4537.56327	-54.1691
4562.22394	-59.7691
4586.88461	-53.7691
4611.54528	-54.5691
4636.20595	-57.7691
4660.86662	-54.5691
4685.52729	-56.9691
4710.18796	-54.9691
4734.84863	-52.5691
4759.5093	-56.9691
4784.16997	-56.9691
4808.83064	-57.3691
4833.49131	-55.7691
4858.15198	-52.5691
4882.81265	-55.7691
4907.47332	-52.9691
4932.13399	-53.7691
4956.79466	-55.3691
4981.45533	-55.7691
5006.116	-55.3691
5030.77667	-52.9691
5055.43734	-56.1691
5080.09801	-55.7691
5104.75868	-58.9691
5129.41935	-54.9691
5154.08002	-55.3691
5178.74069	-54.9691
5203.40136	-54.1691
5228.06203	-54.9691
5252.7227	-56.5691
5277.38337	-50.9691
5302.04404	-56.5691
5326.70471	-54.9691
5351.36538	-54.1691
5376.02605	-52.1691
5400.68672	-57.7691
5425.34739	-54.1691
5450.00806	-54.9691
5474.66873	-55.7691
5499.3294	-52.9691
5523.99007	-57.3691
5548.65074	-52.1691
5573.31141	-57.3691
5597.97208	-52.9691
5622.63275	-54.5691
5647.29342	-52.9691
5671.95409	-52.1691
5696.61476	-52.9691
5721.27543	-52.9691
5745.9361	-53.7691
5770.59677	-52.1691
5795.25744	-54.9691
5819.91811	-53.7691
5844.57878	-52.9691
5869.23945	-53.3691
5893.90012	-56.9691
5918.56079	-51.7691
5943.22146	-52.1691
5967.88213	-52.9691
5992.5428	-57.3691
6017.20347	-53.7691
6041.86414	-51.7691
6066.52481	-52.1691
6091.18548	-55.7691
6115.84615	-52.1691
6140.50682	-52.1691
6165.16749	-52.1691
6189.82816	-52.1691
6214.48883	-52.1691
6239.1495	-52.1691
6263.81017	-53.7691
6288.47084	-50.1691
6313.13151	-51.3691
6337.79218	-52.9691
6362.45285	-52.5691
6387.11352	-52.1691
6411.77419	-50.1691
6436.43486	-51.7691
6461.09553	-50.5691
6485.7562	-50.5691
6510.41687	-50.5691
6535.07754	-51.7691
6559.73821	-51.7691
6584.39888	-52.9691
6609.05955	-51.3691
6633.72022	-50.5691
6658.38089	-50.5691
6683.04156	-49.7691
6707.70223	-51.7691
6732.3629	-48.9691
6757.02357	-50.5691
6781.68424	-50.9691
6806.34491	-50.1691
6831.00558	-52.1691
6855.66625	-50.1691
6880.32692	-47.7691
6904.98759	-52.1691
6929.64826	-50.5691
6954.30893	-52.9691
6978.9696	-49.7691
7003.63027	-50.1691
7028.29094	-49.3691
7052.95161	-49.3691
7077.61228	-49.3691
7102.27295	-48.9691
7126.93362	-48.9691
7151.59429	-49.7691
7176.25496	-48.1691
7200.91563	-49.7691
7225.5763	-48.1691
7250.23697	-48.1691
7274.89764	-47.7691
7299.55831	-50.1691
7324.21898	-47.7691
7348.87965	-50.1691
7373.54032	-47.3691
7398.20099	-49.3691
7422.86166	-46.9691
7447.52233	-48.9691
7472.183	-47.3691
7496.84367	-47.7691
7521.50434	-47.7691
7546.16501	-47.3691
7570.82568	-49.3691
7595.48635	-48.1691
7620.14702	-48.1691
7644.80769	-47.7691
7669.46836	-47.7691
7694.12903	-49.3691
7718.7897	-46.5691
7743.45037	-47.3691
7768.11104	-47.3691
7792.77171	-46.9691
7817.43238	-46.5691
7842.09305	-46.1691
7866.75372	-48.1691
7891.41439	-47.7691
7916.07506	-46.9691
7940.73573	-47.7691
7965.3964	-46.9691
7990.05707	-46.9691
8014.71774	-46.5691
8039.37841	-44.5691
8064.03908	-45.3691
8088.69975	-44.1691
8113.36042	-46.1691
8138.02109	-45.3691
8162.68176	-44.9691
8187.34243	-44.1691
8212.0031	-44.5691
8236.66377	-44.5691
8261.32444	-43.7691
8285.98511	-44.5691
8310.64578	-45.3691
8335.30645	-44.1691
8359.96712	-44.9691
8384.62779	-42.5691
8409.28846	-42.9691
8433.94913	-43.3691
8458.6098	-43.7691
8483.27047	-43.7691
8507.93114	-42.5691
8532.59181	-42.1691
8557.25248	-42.1691
8581.91315	-42.9691
8606.57382	-42.5691
8631.23449	-42.9691
8655.89516	-42.1691
8680.55583	-42.5691
8705.2165	-41.7691
8729.87717	-42.9691
8754.53784	-41.3691
8779.19851	-41.3691
8803.85918	-40.9691
8828.51985	-40.5691
8853.18052	-40.5691
8877.84119	-40.5691
8902.50186	-40.1691
8927.16253	-38.9691
8951.8232	-40.5691
8976.48387	-39.7691
9001.14454	-39.3691
9025.80521	-38.9691
9050.46588	-38.5691
9075.12655	-38.9691
9099.78722	-38.9691
9124.44789	-38.9691
9149.10856	-38.1691
9173.76923	-37.7691
9198.4299	-37.7691
9223.09057	-37.3691
9247.75124	-36.5691
9272.41191	-36.9691
9297.07258	-36.5691
9321.73325	-35.7691
9346.39392	-35.3691
9371.05459	-35.3691
9395.71526	-34.9691
9420.37593	-34.5691
9445.0366	-34.1691
9469.69727	-34.1691
9494.35794	-33.3691
9519.01861	-33.3691
9543.67928	-32.5691
9568.33995	-32.1691
9593.00062	-31.3691
9617.66129	-30.9691
9642.32196	-30.5691
9666.98263	-29.7691
9691.6433	-28.9691
9716.30397	-28.5691
9740.96464	-27.7691
9765.62531	-26.9691
9790.28598	-25.7691
9814.94665	-24.5691
9839.60732	-23.7691
9864.26799	-21.7691
9888.92866	-20.1691
9913.58933	-18.1691
9938.25	-15.3691
9962.91067	-10.9691
9987.57134	-2.1691
10012.23201	0.6309
10036.89268	-10.1691
10061.55335	-14.5691
10086.21402	-17.7691
10110.87469	-19.7691
10135.53536	-21.7691
10160.19603	-22.9691
10184.8567	-24.5691
10209.51737	-25.3691
10234.17804	-26.5691
10258.83871	-26.9691
10283.49938	-28.1691
10308.16005	-28.5691
10332.82072	-29.3691
10357.48139	-30.1691
10382.14206	-30.5691
10406.80273	-30.9691
10431.4634	-31.3691
10456.12407	-32.1691
10480.78474	-32.5691
10505.44541	-32.9691
10530.10608	-32.9691
10554.76675	-33.7691
10579.42742	-33.7691
10604.08809	-34.5691
10628.74876	-34.9691
10653.40943	-34.9691
10678.0701	-35.3691
10702.73077	-36.1691
10727.39144	-35.7691
10752.05211	-36.1691
10776.71278	-36.9691
10801.37345	-36.9691
10826.03412	-37.3691
10850.69479	-37.7691
10875.35546	-37.7691
10900.01613	-37.7691
10924.6768	-37.7691
10949.33747	-38.1691
10973.99814	-38.9691
10998.65881	-37.7691
11023.31948	-38.5691
11047.98015	-38.9691
11072.64082	-39.3691
11097.30149	-38.9691
11121.96216	-40.1691
11146.62283	-40.1691
11171.2835	-40.1691
11195.94417	-40.1691
11220.60484	-40.5691
11245.26551	-39.7691
11269.92618	-40.5691
11294.58685	-40.9691
11319.24752	-40.5691
11343.90819	-41.7691
11368.56886	-41.3691
11393.22953	-41.3691
11417.8902	-42.5691
11442.55087	-41.3691
11467.21154	-40.9691
11491.87221	-42.5691
11516.53288	-42.1691
11541.19355	-41.3691
11565.85422	-42.1691
11590.51489	-42.1691
11615.17556	-43.3691
11639.83623	-42.5691
11664.4969	-42.5691
11689.15757	-42.9691
11713.81824	-44.1691
11738.47891	-42.9691
11763.13958	-43.3691
11787.80025	-44.1691
11812.46092	-42.9691
11837.12159	-43.3691
11861.78226	-43.7691
11886.44293	-43.7691
11911.1036	-44.1691
11935.76427	-44.1691
11960.42494	-43.7691
11985.08561	-44.5691
12009.74628	-44.9691
12034.40695	-44.5691
12059.06762	-44.5691
12083.72829	-44.1691
12108.38896	-44.5691
12133.04963	-43.7691
12157.7103	-44.1691
12182.37097	-44.5691
12207.03164	-44.9691
12231.69231	-45.3691
12256.35298	-44.9691
12281.01365	-45.7691
12305.67432	-45.7691
12330.33499	-45.7691
12354.99566	-46.1691
12379.65633	-45.3691
12404.317	-45.3691
12428.97767	-45.7691
12453.63834	-45.7691
12478.29901	-46.1691
12502.95968	-46.1691
12527.62035	-45.7691
12552.28102	-46.5691
12576.94169	-45.7691
12601.60236	-45.3691
12626.26303	-45.7691
12650.9237	-46.1691
12675.58437	-46.5691
12700.24504	-46.1691
12724.90571	-46.1691
12749.56638	-46.5691
12774.22705	-46.9691
12798.88772	-47.7691
12823.54839	-46.1691
12848.20906	-46.9691
12872.86973	-46.9691
12897.5304	-46.9691
12922.19107	-46.9691
12946.85174	-48.1691
12971.51241	-46.5691
12996.17308	-46.9691
13020.83375	-46.1691
13045.49442	-47.3691
13070.15509	-46.5691
13094.81576	-46.9691
13119.47643	-47.7691
13144.1371	-47.7691
13168.79777	-48.1691
13193.45844	-47.7691
13218.11911	-47.7691
13242.77978	-49.3691
13267.44045	-46.9691
13292.10112	-47.7691
13316.76179	-48.9691
13341.42246	-47.7691
13366.08313	-47.3691
13390.7438	-48.1691
13415.40447	-48.1691
13440.06514	-46.9691
13464.72581	-47.3691
13489.38648	-50.1691
13514.04715	-46.9691
13538.70782	-47.7691
13563.36849	-48.1691
13588.02916	-48.9691
13612.68983	-47.7691
13637.3505	-49.3691
13662.01117	-50.1691
13686.67184	-49.7691
13711.33251	-49.3691
13735.99318	-48.9691
13760.65385	-49.3691
13785.31452	-48.5691
13809.97519	-50.1691
13834.63586	-48.9691
13859.29653	-49.7691
13883.9572	-48.9691
13908.61787	-48.9691
13933.27854	-48.9691
13957.93921	-49.7691
13982.59988	-48.5691
14007.26055	-49.3691
14031.92122	-48.9691
14056.58189	-50.5691
14081.24256	-49.3691
14105.90323	-50.1691
14130.5639	-48.5691
14155.22457	-50.1691
14179.88524	-48.1691
14204.54591	-50.5691
14229.20658	-48.5691
14253.86725	-51.3691
14278.52792	-51.7691
14303.18859	-50.5691
14327.84926	-49.7691
14352.50993	-50.5691
14377.1706	-50.9691
14401.83127	-50.5691
14426.49194	-50.5691
14451.15261	-50.5691
14475.81328	-52.1691
14500.47395	-51.3691
14525.13462	-52.5691
14549.79529	-50.5691
14574.45596	-49.7691
14599.11663	-48.5691
14623.7773	-52.9691
14648.43797	-50.9691
14673.09864	-49.3691
14697.75931	-50.9691
14722.41998	-50.5691
14747.08065	-50.1691
14771.74132	-52.1691
14796.40199	-51.3691
14821.06266	-48.9691
14845.72333	-50.9691
14870.384	-50.1691
14895.04467	-52.9691
14919.70534	-49.7691
14944.36601	-51.3691
14969.02668	-49.7691
14993.68735	-50.9691
15018.34802	-52.5691
15043.00869	-51.3691
15067.66936	-50.1691
15092.33003	-49.3691
15116.9907	-50.9691
15141.65137	-52.5691
15166.31204	-51.3691
15190.97271	-50.5691
15215.63338	-52.5691
15240.29405	-50.5691
15264.95472	-51.3691
15289.61539	-50.9691
15314.27606	-52.5691
15338.93673	-51.7691
15363.5974	-54.5691
15388.25807	-51.7691
15412.91874	-51.3691
15437.57941	-55.7691
15462.24008	-54.1691
15486.90075	-51.3691
15511.56142	-50.9691
15536.22209	-51.3691
15560.88276	-51.7691
15585.54343	-52.5691
15610.2041	-52.9691
15634.86477	-50.1691
15659.52544	-51.7691
15684.18611	-52.1691
15708.84678	-51.3691
15733.50745	-52.5691
15758.16812	-50.5691
15782.82879	-50.9691
15807.48946	-50.9691
15832.15013	-53.7691
15856.8108	-52.5691
15881.47147	-50.9691
15906.13214	-52.5691
15930.79281	-48.9691
15955.45348	-49.7691
15980.11415	-52.5691
16004.77482	-52.5691
16029.43549	-53.7691
16054.09616	-51.3691
16078.75683	-53.7691
16103.4175	-52.1691
16128.07817	-52.1691
16152.73884	-52.5691
16177.39951	-51.3691
16202.06018	-54.9691
16226.72085	-53.7691
16251.38152	-52.5691
16276.04219	-51.3691
16300.70286	-53.7691
16325.36353	-50.5691
16350.0242	-51.7691
16374.68487	-51.3691
16399.34554	-51.3691
16424.00621	-52.1691
16448.66688	-54.9691
16473.32755	-53.7691
16497.98822	-52.9691
16522.64889	-52.5691
16547.30956	-50.5691
16571.97023	-52.1691
16596.6309	-52.5691
16621.29157	-51.3691
16645.95224	-51.3691
16670.61291	-52.9691
16695.27358	-53.7691
16719.93425	-51.7691
16744.59492	-50.9691
16769.25559	-52.5691
16793.91626	-52.9691
16818.57693	-52.9691
16843.2376	-52.9691
16867.89827	-52.9691
16892.55894	-51.7691
16917.21961	-52.9691
16941.88028	-51.7691
16966.54095	-56.1691
16991.20162	-54.1691
17015.86229	-51.7691
17040.52296	-54.1691
17065.18363	-52.9691
17089.8443	-53.3691
17114.50497	-52.5691
17139.16564	-53.7691
17163.82631	-53.7691
17188.48698	-51.7691
17213.14765	-52.5691
17237.80832	-52.9691
17262.46899	-51.7691
17287.12966	-51.3691
17311.79033	-53.7691
17336.451	-52.9691
17361.11167	-56.1691
17385.77234	-53.3691
17410.43301	-53.7691
17435.09368	-52.1691
17459.75435	-54.1691
17484.41502	-56.1691
17509.07569	-53.7691
17533.73636	-54.5691
17558.39703	-51.3691
17583.0577	-51.7691
17607.71837	-52.1691
17632.37904	-51.7691
17657.03971	-51.7691
17681.70038	-53.7691
17706.36105	-54.1691
17731.02172	-52.9691
17755.68239	-54.1691
17780.34306	-53.3691
17805.00373	-54.9691
17829.6644	-51.3691
17854.32507	-53.3691
17878.98574	-52.5691
17903.64641	-53.7691
17928.30708	-56.9691
17952.96775	-55.7691
17977.62842	-54.9691
18002.28909	-49.3691
18026.94976	-53.7691
18051.61043	-53.7691
18076.2711	-52.5691
18100.93177	-56.9691
18125.59244	-54.9691
18150.25311	-52.5691
18174.91378	-54.1691
18199.57445	-52.5691
18224.23512	-52.5691
18248.89579	-52.1691
18273.55646	-54.1691
18298.21713	-54.1691
18322.8778	-53.7691
18347.53847	-51.7691
18372.19914	-52.5691
18396.85981	-52.9691
18421.52048	-53.3691
18446.18115	-54.9691
18470.84182	-58.1691
18495.50249	-57.3691
18520.16316	-56.5691
18544.82383	-56.5691
18569.4845	-53.3691
18594.14517	-54.1691
18618.80584	-52.9691
18643.46651	-53.7691
18668.12718	-53.3691
18692.78785	-55.7691
18717.44852	-54.9691
18742.10919	-52.9691
18766.76986	-56.1691
18791.43053	-54.9691
18816.0912	-56.9691
18840.75187	-56.9691
18865.41254	-55.7691
18890.07321	-53.3691
18914.73388	-52.5691
18939.39455	-54.9691
18964.05522	-53.7691
18988.71589	-58.1691
19013.37656	-53.7691
19038.03723	-51.7691
19062.6979	-54.1691
19087.35857	-58.1691
19112.01924	-53.7691
19136.67991	-50.9691
19161.34058	-57.7691
19186.00125	-52.1691
19210.66192	-56.1691
19235.32259	-54.9691
19259.98326	-55.3691
19284.64393	-57.7691
19309.3046	-54.1691
19333.96527	-53.7691
19358.62594	-54.1691
19383.28661	-57.7691
19407.94728	-54.5691
19432.60795	-52.9691
19457.26862	-54.9691
19481.92929	-56.5691
19506.58996	-50.5691
19531.25063	-53.3691
19555.9113	-54.1691
19580.57197	-55.3691
19605.23264	-56.5691
19629.89331	-54.9691
19654.55398	-53.7691
19679.21465	-53.7691
19703.87532	-54.9691
19728.53599	-60.9691
19753.19666	-54.5691
19777.85733	-52.1691
19802.518	-55.7691
19827.17867	-54.1691
19851.83934	-57.3691
19876.50001	-53.3691
19901.16068	-58.9691
19925.82135	-56.9691
19950.48202	-58.9691
19975.14269	-54.9691
19999.80336	-50.5691
20024.46403	-52.9691
20049.1247	-57.7691
20073.78537	-53.7691
20098.44604	-52.1691
20123.10671	-54.5691
20147.76738	-60.5691
20172.42805	-53.7691
20197.08872	-52.1691
20221.74939	-53.3691
20246.41006	-54.9691
20271.07073	-53.3691
20295.7314	-54.5691
20320.39207	-58.9691
20345.05274	-51.7691
20369.71341	-51.7691
20394.37408	-58.1691
20419.03475	-54.9691
20443.69542	-53.7691
20468.35609	-52.9691
20493.01676	-45.7691
20517.67743	-53.3691
20542.3381	-56.9691
20566.99877	-54.9691
20591.65944	-54.1691
20616.32011	-54.9691
20640.98078	-54.1691
20665.64145	-54.9691
20690.30212	-56.9691
20714.96279	-57.7691
20739.62346	-52.9691
20764.28413	-55.7691
20788.9448	-54.9691
20813.60547	-56.1691
20838.26614	-54.1691
20862.92681	-54.5691
20887.58748	-60.9691
20912.24815	-56.5691
20936.90882	-54.1691
20961.56949	-55.7691
20986.23016	-55.3691
21010.89083	-54.1691
21035.5515	-54.9691
21060.21217	-55.7691
21084.87284	-57.7691
21109.53351	-53.7691
21134.19418	-56.1691
21158.85485	-56.1691
21183.51552	-53.7691
21208.17619	-56.5691
21232.83686	-54.9691
21257.49753	-59.7691
21282.1582	-53.7691
21306.81887	-54.5691
21331.47954	-60.9691
21356.14021	-55.3691
21380.80088	-59.7691
21405.46155	-56.9691
21430.12222	-56.9691
21454.78289	-54.9691
21479.44356	-60.9691
21504.10423	-53.3691
21528.7649	-56.5691
21553.42557	-53.7691
21578.08624	-52.9691
21602.74691	-54.5691
21627.40758	-57.7691
21652.06825	-55.3691
21676.72892	-52.9691
21701.38959	-54.1691
21726.05026	-58.1691
21750.71093	-53.7691
21775.3716	-55.7691
21800.03227	-58.1691
21824.69294	-56.5691
21849.35361	-58.9691
21874.01428	-60.5691
21898.67495	-56.5691
21923.33562	-55.7691
21947.99629	-58.9691
21972.65696	-54.9691
21997.31763	-58.1691
22021.9783	-54.9691
22046.63897	-55.7691
22071.29964	-54.1691
22095.96031	-58.1691
22120.62098	-50.9691
22145.28165	-52.9691
22169.94232	-55.7691
22194.60299	-54.9691
22219.26366	-55.3691
22243.92433	-56.1691
22268.585	-56.9691
22293.24567	-56.5691
22317.90634	-54.1691
22342.56701	-57.3691
22367.22768	-54.1691
22391.88835	-58.1691
22416.54902	-54.1691
22441.20969	-57.3691
22465.87036	-56.9691
22490.53103	-57.3691
22515.1917	-56.1691
22539.85237	-54.9691
22564.51304	-60.5691
22589.17371	-58.1691
22613.83438	-55.7691
22638.49505	-56.1691
22663.15572	-54.9691
22687.81639	-58.9691
22712.47706	-60.5691
22737.13773	-55.7691
22761.7984	-53.3691
22786.45907	-60.9691
22811.11974	-55.3691
22835.78041	-56.1691
22860.44108	-55.3691
22885.10175	-53.7691
22909.76242	-52.9691
22934.42309	-60.5691
22959.08376	-56.1691
22983.74443	-54.1691
23008.4051	-54.9691
23033.06577	-56.5691
23057.72644	-55.7691
23082.38711	-52.9691
23107.04778	-56.9691
23131.70845	-54.9691
23156.36912	-53.7691
23181.02979	-58.9691
23205.69046	-56.9691
23230.35113	-58.9691
23255.0118	-52.9691
23279.67247	-60.9691
23304.33314	-56.9691
23328.99381	-56.1691
23353.65448	-52.5691
23378.31515	-58.9691
23402.97582	-58.1691
23427.63649	-58.1691
23452.29716	-60.9691
23476.95783	-51.7691
23501.6185	-53.7691
23526.27917	-56.5691
23550.93984	-57.3691
23575.60051	-58.9691
23600.26118	-56.1691
23624.92185	-57.3691
23649.58252	-52.5691
23674.24319	-56.9691
23698.90386	-56.1691
23723.56453	-55.3691
23748.2252	-54.5691
23772.88587	-58.9691
23797.54654	-56.9691
23822.20721	-57.3691
23846.86788	-57.3691
23871.52855	-53.7691
23896.18922	-58.9691
23920.84989	-60.5691
23945.51056	-54.5691
23970.17123	-55.3691
23994.8319	-54.9691
24019.49257	-54.5691
24044.15324	-57.3691
24068.81391	-56.1691
24093.47458	-53.7691
24118.13525	-57.3691
24142.79592	-54.9691
24167.45659	-54.9691
24192.11726	-57.3691
24216.77793	-52.9691
24241.4386	-53.3691
24266.09927	-54.9691
24290.75994	-56.5691
24315.42061	-56.1691
24340.08128	-54.9691
24364.74195	-57.3691
24389.40262	-54.5691
24414.06329	-60.5691
24438.72396	-54.1691
24463.38463	-54.9691
24488.0453	-55.7691
24512.70597	-57.7691
24537.36664	-57.3691
24562.02731	-58.9691
24586.68798	-55.7691
24611.34865	-54.9691
24636.00932	-58.1691
24660.66999	-56.9691
24685.33066	-58.9691
24709.99133	-56.5691
24734.652	-56.1691
24759.31267	-55.7691
24783.97334	-56.9691
24808.63401	-52.5691
24833.29468	-54.9691
24857.95535	-56.5691
24882.61602	-56.1691
24907.27669	-56.1691
24931.93736	-53.7691
24956.59803	-54.9691
24981.2587	-55.7691
25005.91937	-56.1691
25030.58004	-56.1691
25055.24071	-56.9691
25079.90138	-55.7691
25104.56205	-53.7691
25129.22272	-56.1691
25153.88339	-56.1691
25178.54406	-56.9691
25203.20473	-54.1691
25227.8654	-53.7691