x   y
0	-5.12
0.04	-5.12
0.08	-5.12
0.12	-5.12
0.16	-5.12
0.2	-5.12
0.24	-5.12
0.28	-5.12
0.32	-5.12
0.36	-5.12
0.4	-5.12
0.44	-5.12
0.48	-5.12
0.52	-5.12
0.56	-5.12
0.6	-5.12
0.64	-5.12
0.68	-5.12
0.72	-5.12
0.76	-5.12
0.8	-5.12
0.84	-5.12
0.88	-5.12
0.92	-5.12
0.96	-5.12
1	-5.12
1.04	-5.12
1.08	-5.12
1.12	-5.12
1.16	-5.12
1.2	-5.12
1.24	-5.12
1.28	-5.12
1.32	-5.12
1.36	-5.12
1.4	-5.12
1.44	-5.12
1.48	-5.12
1.52	-5.12
1.56	-5.12
1.6	-5.12
1.64	-5.12
1.68	-5.12
1.72	-5.12
1.76	-5.12
1.8	-5.12
1.84	-5.12
1.88	-5.12
1.92	-5.12
1.96	-5.12
2	-5.12
2.04	-5.12
2.08	-5.12
2.12	-5.12
2.16	-5.12
2.2	-5.12
2.24	-5.12
2.28	-5.12
2.32	-5.12
2.36	-5.12
2.4	-5.12
2.44	-5.12
2.48	-5.12
2.52	-5.12
2.56	-5.12
2.6	-5.12
2.64	-5.12
2.68	-5.12
2.72	-5.12
2.76	-5.12
2.8	-5.12
2.84	-5.12
2.88	-5.12
2.92	-5.12
2.96	-5.12
3	-5.12
3.04	-5.12
3.08	-5.12
3.12	-5.12
3.16	-5.12
3.2	-5.12
3.24	-5.12
3.28	-5.12
3.32	-5.12
3.36	-5.12
3.4	-5.12
3.44	-5.12
3.48	-5.12
3.52	-5.12
3.56	-5.12
3.6	-5.12
3.64	-5.12
3.68	-5.12
3.72	-5.12
3.76	-5.12
3.8	-5.12
3.84	-5.12
3.88	-5.12
3.92	-5.12
3.96	-5.12
4	-5.12
4.04	-5.12
4.08	-5.12
4.12	-5.12
4.16	-5.12
4.2	-5.12
4.24	-5.12
4.28	-5.12
4.32	-5.12
4.36	-5.12
4.4	-5.12
4.44	-5.12
4.48	-5.12
4.52	-5.12
4.56	-5.12
4.6	-5.12
4.64	-5.12
4.68	-5.12
4.72	-5.12
4.76	-5.12
4.8	-5.12
4.84	-5.12
4.88	-5.12
4.92	-5.12
4.96	-5.12
5	-5.12
5.04	-5.12
5.08	-5.12
5.12	-5.12
5.16	-5.12
5.2	-5.12
5.24	-5.12
5.28	-5.12
5.32	-5.12
5.36	-5.12
5.4	-5.12
5.44	-5.12
5.48	-5.12
5.52	-5.12
5.56	-5.12
5.6	-5.12
5.64	0.16
5.68	-1.44
5.72	-2
5.76	-1.12
5.8	0.56
5.84	1.92
5.88	1.96
5.92	0.68
5.96	-1.08
6	-2
6.04	-1.44
6.08	0.2
6.12	1.72
6.16	2.04
6.2	0.96
6.24	-0.76
6.28	-1.92
6.32	-1.68
6.36	-0.16
6.4	1.48
6.44	2.16
6.48	1.36
6.52	-0.36
6.56	-1.76
6.6	-1.88
6.64	-0.56
6.68	1.2
6.72	2.12
6.76	1.56
6.8	-0.12
6.84	-1.6
6.88	-1.96
6.92	-0.76
6.96	1.04
7	2.08
7.04	1.6
7.08	0
7.12	-1.6
7.16	-1.96
7.2	-0.84
7.24	0.88
7.28	2.04
7.32	1.8
7.36	0.36
7.4	-1.28
7.44	-2.04
7.48	-1.28
7.52	0.44
7.56	1.84
7.6	2
7.64	0.76
7.68	-1
7.72	-2.04
7.76	-1.52
7.8	0.08
7.84	1.6
7.88	2.12
7.92	1.2
7.96	-0.56
8	-1.84
8.04	-1.76
8.08	-0.36
8.12	1.4
8.16	2.16
8.2	1.36
8.24	-0.32
8.28	-1.72
8.32	-1.92
8.36	-0.72
8.4	0.92
8.44	2.04
8.48	1.76
8.52	0.32
8.56	-1.32
8.6	-2.04
8.64	-1.28
8.68	0.32
8.72	1.76
8.76	2.08
8.8	0.96
8.84	-0.76
8.88	-1.92
8.92	-1.68
8.96	-0.16
9	1.44
9.04	2.16
9.08	1.4
9.12	-0.24
9.16	-1.68
9.2	-1.92
9.24	-0.84
9.28	0.88
9.32	2
9.36	1.84
9.4	0.44
9.44	-1.2
9.48	-2
9.52	-1.36
9.56	0.32
9.6	1.76
9.64	2.08
9.68	1.08
9.72	-0.6
9.76	-1.84
9.8	-1.84
9.84	-0.6
9.88	1.04
9.92	2.08
9.96	1.76
10	0.32
10.04	-1.32
10.08	-2
10.12	-1.28
10.16	0.28
10.2	1.72
10.24	2.08
10.28	1.04
10.32	-0.64
10.36	-1.88
10.4	-1.76
10.44	-0.44
10.48	1.32
10.52	2.16
10.56	1.52
10.6	-0.16
10.64	-1.68
10.68	-1.96
10.72	-0.8
10.76	0.96
10.8	2.04
10.84	1.76
10.88	0.2
10.92	-1.4
10.96	-2
11	-1.16
11.04	0.6
11.08	1.92
11.12	1.92
11.16	0.48
11.2	-1.2
11.24	-2.04
11.28	-1.28
11.32	0.36
11.36	1.8
11.4	2.04
11.44	0.92
11.48	-0.84
11.52	-1.96
11.56	-1.64
11.6	-0.16
11.64	1.48
11.68	2.12
11.72	1.24
11.76	-0.48
11.8	-1.84
11.84	-1.8
11.88	-0.4
11.92	1.36
11.96	2.16
12	1.28
12.04	-0.44
12.08	-1.84
12.12	-1.8
12.16	-0.44
12.2	1.32
12.24	2.16
12.28	1.4
12.32	-0.24
12.36	-1.72
12.4	-1.88
12.44	-0.6
12.48	1.2
12.52	2.12
12.56	1.52
12.6	-0.16
12.64	-1.68
12.68	-1.92
12.72	-0.76
12.76	0.96
12.8	2.08
12.84	1.72
12.88	0.16
12.92	-1.48
12.96	-2
13	-1
13.04	0.84
13.08	2.04
13.12	1.8
13.16	0.28
13.2	-1.44
13.24	-2
13.28	-0.96
13.32	0.8
13.36	2.04
13.4	1.8
13.44	0.24
13.48	-1.44
13.52	-2
13.56	-0.96
13.6	0.8
13.64	2.04
13.68	1.76
13.72	0.24
13.76	-1.44
13.8	-1.96
13.84	-1
13.88	0.72
13.92	2
13.96	1.84
14	0.44
14.04	-1.24
14.08	-2
14.12	-1.32
14.16	0.36
14.2	1.84
14.24	2.04
14.28	0.84
14.32	-0.88
14.36	-2
14.4	-1.56
14.44	0.04
14.48	1.64
14.52	2.12
14.56	1.08
14.6	-0.64
14.64	-1.92
14.68	-1.68
14.72	-0.24
14.76	1.44
14.8	2.16
14.84	1.36
14.88	-0.32
14.92	-1.76
14.96	-1.88
15	-0.68
15.04	1
15.08	2.08
15.12	1.68
15.16	0.24
15.2	-1.44
15.24	-2
15.28	-1.12
15.32	0.6
15.36	1.96
15.4	1.88
15.44	0.4
15.48	-1.28
15.52	-2
15.56	-1.12
15.6	0.6
15.64	1.96
15.68	1.92
15.72	0.48
15.76	-1.24
15.8	-2.04
15.84	-1.16
15.88	0.68
15.92	2
15.96	1.88
16	0.4
16.04	-1.36
16.08	-2
16.12	-1.08
16.16	0.68
16.2	1.96
16.24	1.88
16.28	0.48
16.32	-1.2
16.36	-2.04
16.4	-1.36
16.44	0.28
16.48	1.8
16.52	2
16.56	0.8
16.6	-0.96
16.64	-2
16.68	-1.48
16.72	0.16
16.76	1.76
16.8	2.04
16.84	0.92
16.88	-0.84
16.92	-1.96
16.96	-1.64
17	-0.16
17.04	1.48
17.08	2.16
17.12	1.28
17.16	-0.36
17.2	-1.72
17.24	-1.92
17.28	-0.72
17.32	1
17.36	2.08
17.4	1.72
17.44	0.16
17.48	-1.48
17.52	-2
17.56	-1.08
17.6	0.68
17.64	1.96
17.68	1.92
17.72	0.52
17.76	-1.16
17.8	-2.04
17.84	-1.44
17.88	0.16
17.92	1.68
17.96	2.08
18	1.04
18.04	-0.64
18.08	-1.88
18.12	-1.72
18.16	-0.24
18.2	1.44
18.24	2.12
18.28	1.28
18.32	-0.44
18.36	-1.8
18.4	-1.84
18.44	-0.48
18.48	1.28
18.52	2.16
18.56	1.48
18.6	-0.16
18.64	-1.64
18.68	-1.92
18.72	-0.76
18.76	0.96
18.8	2.04
18.84	1.8
18.88	0.28
18.92	-1.32
18.96	-2.04
19	-1.2
19.04	0.48
19.08	1.92
19.12	2
19.16	0.72
19.2	-1
19.24	-2
19.28	-1.52
19.32	0.08
19.36	1.6
19.4	2.12
19.44	1.16
19.48	-0.6
19.52	-1.88
19.56	-1.76
19.6	-0.4
19.64	1.28
19.68	2.16
19.72	1.52
19.76	-0.08
19.8	-1.64
19.84	-1.96
19.88	-0.92
19.92	0.8
19.96	1.96
20	1.88
20.04	0.56
20.08	-1.12
20.12	-2
20.16	-1.48
20.2	0.12
20.24	1.68
20.28	2.08
20.32	1.12
20.36	-0.56
20.4	-1.84
20.44	-1.84
20.48	-0.6
20.52	1.08
20.56	2.08
20.6	1.76
20.64	0.32
20.68	-1.28
20.72	-2
20.76	-1.32
20.8	0.28
20.84	1.72
20.88	2.08
20.92	1.04
20.96	-0.68
21	-1.88
21.04	-1.76
21.08	-0.4
21.12	1.24
21.16	2.16
21.2	1.52
21.24	-0.2
21.28	-1.68
21.32	-1.92
21.36	-0.72
21.4	1
21.44	2.12
21.48	1.68
21.52	0.12
21.56	-1.48
21.6	-2
21.64	-1
21.68	0.72
21.72	2
21.76	1.88
21.8	0.48
21.84	-1.2
21.88	-2.04
21.92	-1.36
21.96	0.32
22	1.76
22.04	2.04
22.08	0.84
22.12	-0.92
22.16	-1.96
22.2	-1.6
22.24	-0.08
22.28	1.56
22.32	2.16
22.36	1.24
22.4	-0.48
22.44	-1.84
22.48	-1.84
22.52	-0.44
22.56	1.28
22.6	2.12
22.64	1.44
22.68	-0.28
22.72	-1.68
22.76	-1.88
22.8	-0.72
22.84	1.04
22.88	2.08
22.92	1.68
22.96	0.12
23	-1.48
23.04	-2
23.08	-1.16
23.12	0.52
23.16	1.88
23.2	2
23.24	0.8
23.28	-0.88
23.32	-1.96
23.36	-1.64
23.4	-0.16
23.44	1.44
23.48	2.16
23.52	1.32
23.56	-0.36
23.6	-1.76
23.64	-1.84
23.68	-0.52
23.72	1.24
23.76	2.16
23.8	1.44
23.84	-0.32
23.88	-1.76
23.92	-1.88
23.96	-0.48
24	1.32
24.04	2.16
24.08	1.32
24.12	-0.44
24.16	-1.8
24.2	-1.8
24.24	-0.36
24.28	1.44
24.32	2.12
24.36	1.2
24.4	-0.6
24.44	-1.88
24.48	-1.72
24.52	-0.32
24.56	1.36
24.6	2.16
24.64	1.4
24.68	-0.28
24.72	-1.76
24.76	-1.88
24.8	-0.6
24.84	1.12
24.88	2.12
24.92	1.6
24.96	-0.04
25	-1.6
25.04	-2
25.08	-0.92
25.12	0.84
25.16	2
25.2	1.84
25.24	0.44
25.28	-1.16
25.32	-2
25.36	-1.48
25.4	0.08
25.44	1.6
25.48	2.12
25.52	1.28
25.56	-0.44
25.6	-1.76
25.64	-1.88
25.68	-0.64
25.72	1.04
25.76	2.12
25.8	1.68
25.84	0.04
25.88	-1.52
25.92	-2
25.96	-1
26	0.72
26.04	2
26.08	1.92
26.12	0.44
26.16	-1.24
26.2	-2.04
26.24	-1.2
26.28	0.52
26.32	1.92
26.36	1.92
26.4	0.56
26.44	-1.2
26.48	-2.04
26.52	-1.36
26.56	0.32
26.6	1.84
26.64	2
26.68	0.72
26.72	-1.08
26.76	-2
26.8	-1.4
26.84	0.32
26.88	1.84
26.92	2
26.96	0.72
27	-1
27.04	-2
27.08	-1.52
27.12	0
27.16	1.64
27.2	2.12
27.24	1.08
27.28	-0.64
27.32	-1.88
27.36	-1.72
27.4	-0.28
27.44	1.4
27.48	2.12
27.52	1.36
27.56	-0.36
27.6	-1.76
27.64	-1.88
27.68	-0.56
27.72	1.12
27.76	2.12
27.8	1.6
27.84	0.04
27.88	-1.56
27.92	-2
27.96	-0.96
28	0.8
28.04	2
28.08	1.84
28.12	0.36
28.16	-1.32
28.2	-2
28.24	-1.2
28.28	0.52
28.32	1.92
28.36	1.92
28.4	0.56
28.44	-1.16
28.48	-2
28.52	-1.44
28.56	0.12
28.6	1.68
28.64	2.08
28.68	1.08
28.72	-0.6
28.76	-1.88
28.8	-1.76
28.84	-0.44
28.88	1.24
28.92	2.12
28.96	1.48
29	-0.2
29.04	-1.68
29.08	-1.92
29.12	-0.68
29.16	1.08
29.2	2.12
29.24	1.6
29.28	0
29.32	-1.56
29.36	-1.96
29.4	-0.88
29.44	0.88
29.48	2.08
29.52	1.72
29.56	0.2
29.6	-1.44
29.64	-2
29.68	-1.12
29.72	0.64
29.76	1.96
29.8	1.84
29.84	0.36
29.88	-1.36
29.92	-2
29.96	-1.12
30	0.6
30.04	1.96
30.08	1.88
30.12	0.36
30.16	-1.4
30.2	-2.04
30.24	-1.04
30.28	0.76
30.32	2.04
30.36	1.8
30.4	0.24
30.44	-1.44
30.48	-2
30.52	-1.04
30.56	0.72
30.6	2
30.64	1.8
30.68	0.28
30.72	-1.4
30.76	-2
30.8	-0.92
30.84	0.92
30.88	2.08
30.92	1.68
30.96	0.04
31	-1.6
31.04	-1.92
31.08	-0.68
31.12	1.12
31.16	2.12
31.2	1.48
31.24	-0.24
31.28	-1.76
31.32	-1.84
31.36	-0.36
31.4	1.44
31.44	2.12
31.48	1.2
31.52	-0.64
31.56	-1.92
31.6	-1.6
31.64	0
31.68	1.68
31.72	2.08
31.76	0.92
31.8	-0.88
31.84	-1.96
31.88	-1.48
31.92	0.24
31.96	1.8
32	2
32.04	0.6
32.08	-1.16
32.12	-2.04
32.16	-1.2
32.2	0.6
32.24	1.96
32.28	1.84
32.32	0.28
32.36	-1.4
32.4	-2
32.44	-1
32.48	0.88
32.52	2.08
32.56	1.64
32.6	-0.04
32.64	-1.68
32.68	-1.88
32.72	-0.48
32.76	1.36
32.8	2.12
32.84	1.28
32.88	-0.56
32.92	-1.88
32.96	-1.68
33	-0.08
33.04	1.6
33.08	2.12
33.12	0.92
33.16	-0.84
33.2	-2
33.24	-1.48
33.28	0.28
33.32	1.84
33.36	2
33.4	0.68
33.44	-1.08
33.48	-2
33.52	-1.36
33.56	0.4
33.6	1.84
33.64	1.96
33.68	0.56
33.72	-1.2
33.76	-2
33.8	-1.08
33.84	0.72
33.88	2
33.92	1.8
33.96	0.24
34	-1.48
34.04	-1.96
34.08	-0.88
34.12	0.92
34.16	2.12
34.2	1.64
34.24	-0.04
34.28	-1.64
34.32	-1.92
34.36	-0.72
34.4	1.08
34.44	2.12
34.48	1.52
34.52	-0.16
34.56	-1.72
34.6	-1.88
34.64	-0.64
34.68	1.16
34.72	2.16
34.76	1.48
34.8	-0.36
34.84	-1.84
34.88	-1.76
34.92	-0.2
34.96	1.52
35	2.12
35.04	0.96
35.08	-0.92
35.12	-2
35.16	-1.36
35.2	0.44
35.24	1.92
35.28	1.88
35.32	0.32
35.36	-1.44
35.4	-2
35.44	-0.8
35.48	1.04
35.52	2.16
35.56	1.44
35.6	-0.44
35.64	-1.84
35.68	-1.68
35.72	-0.08
35.76	1.64
35.8	2.04
35.84	0.72
35.88	-1.16
35.92	-2.04
35.96	-1.12
36	0.76
36.04	2.04
36.08	1.6
36.12	-0.16
36.16	-1.76
36.2	-1.84
36.24	-0.36
36.28	1.48
36.32	2.12
36.36	1.12
36.4	-0.8
36.44	-1.96
36.48	-1.52
36.52	0.24
36.56	1.8
36.6	1.96
36.64	0.44
36.68	-1.4
36.72	-2
36.76	-0.76
36.8	1.16
36.84	2.16
36.88	1.24
36.92	-0.64
36.96	-2
37	-1.44
37.04	0.4
37.08	1.92
37.12	1.88
37.16	0.2
37.2	-1.56
37.24	-1.92
37.28	-0.64
37.32	1.28
37.36	2.16
37.4	1.2
37.44	-0.76
37.48	-1.96
37.52	-1.4
37.56	0.4
37.6	1.96
37.64	1.88
37.68	0.24
37.72	-1.52
37.76	-1.92
37.8	-0.6
37.84	1.32
37.88	2.16
37.92	1.2
37.96	-0.68
38	-1.96
38.04	-1.48
38.08	0.36
38.12	1.92
38.16	1.84
38.2	0.2
38.24	-1.52
38.28	-1.96
38.32	-0.68
38.36	1.16
38.4	2.16
38.44	1.4
38.48	-0.48
38.52	-1.88
38.56	-1.68
38.6	-0.12
38.64	1.6
38.68	2.08
38.72	0.92
38.76	-0.92
38.8	-2
38.84	-1.4
38.88	0.28
38.92	1.84
38.96	1.96
39	0.48
39.04	-1.32
39.08	-2
39.12	-1.04
39.16	0.8
39.2	2.08
39.24	1.68
39.28	-0.04
39.32	-1.68
39.36	-1.88
39.4	-0.6
39.44	1.2
39.48	2.16
39.52	1.4
39.56	-0.36
39.6	-1.8
39.64	-1.8
39.68	-0.36
39.72	1.4
39.76	2.12
39.8	1.24
39.84	-0.6
39.88	-1.88
39.92	-1.68
39.96	-0.16
40	1.56
40.04	2.16
40.08	1.2
40.12	-0.56
40.16	-1.84
40.2	-1.76
40.24	-0.28
40.28	1.44
40.32	2.16
40.36	1.2
40.4	-0.64
40.44	-1.92
40.48	-1.68
40.52	-0.16
40.56	1.48
40.6	2.16
40.64	1.32
40.68	-0.4
40.72	-1.76
40.76	-1.88
40.8	-0.56
40.84	1.16
40.88	2.12
40.92	1.52
40.96	-0.16
41	-1.68
41.04	-1.88
41.08	-0.64
41.12	1.12
41.16	2.12
41.2	1.56
41.24	-0.08
41.28	-1.68
41.32	-1.92
41.36	-0.64
41.4	1.12
41.44	2.12
41.48	1.64
41.52	0.04
41.56	-1.52
41.6	-2
41.64	-1.08
41.68	0.64
41.72	1.96
41.76	1.92
41.8	0.6
41.84	-1.08
41.88	-2
41.92	-1.48
41.96	0.08
42	1.64
42.04	2.12
42.08	1.16
42.12	-0.56
42.16	-1.88
42.2	-1.8
42.24	-0.4
42.28	1.36
42.32	2.16
42.36	1.4
42.4	-0.28
42.44	-1.76
42.48	-1.88
42.52	-0.64
42.56	1.08
42.6	2.12
42.64	1.64
42.68	0
42.72	-1.56
42.76	-1.96
42.8	-0.88
42.84	0.92
42.88	2.04
42.92	1.72
42.96	0.08
43	-1.52
43.04	-2
43.08	-0.92
43.12	0.88
43.16	2.08
43.2	1.68
43.24	0.2
43.28	-1.44
43.32	-2
43.36	-1.08
43.4	0.72
43.44	2
43.48	1.84
43.52	0.28
43.56	-1.4
43.6	-2.04
43.64	-1
43.68	0.84
43.72	2.08
43.76	1.68
43.8	0
43.84	-1.64
43.88	-1.92
43.92	-0.76
43.96	1.04
44	2.12
44.04	1.6
44.08	-0.08
44.12	-1.68
44.16	-1.92
44.2	-0.68
44.24	1.12
44.28	2.12
44.32	1.44
44.36	-0.32
44.4	-1.8
44.44	-1.8
44.48	-0.36
44.52	1.4
44.56	2.16
44.6	1.2
44.64	-0.6
44.68	-1.88
44.72	-1.72
44.76	-0.24
44.8	1.48
44.84	2.12
44.88	1.2
44.92	-0.56
44.96	-1.88
45	-1.68
45.04	-0.12
45.08	1.6
45.12	2.08
45.16	0.92
45.2	-0.88
45.24	-2
45.28	-1.52
45.32	0.12
45.36	1.68
45.4	2.04
45.44	0.92
45.48	-0.88
45.52	-2
45.56	-1.48
45.6	0.2
45.64	1.76
45.68	2.04
45.72	0.8
45.76	-1.04
45.8	-2
45.84	-1.44
45.88	0.24
45.92	1.8
45.96	2.04
46	0.84
46.04	-0.92
46.08	-2
46.12	-1.48
46.16	0.24
46.2	1.76
46.24	2.04
46.28	0.84
46.32	-0.96
46.36	-2
46.4	-1.52
46.44	0.08
46.48	1.64
46.52	2.08
46.56	0.96
46.6	-0.88
46.64	-2
46.68	-1.52
46.72	0.08
46.76	1.68
46.8	2.04
46.84	0.92
46.88	-0.88
46.92	-1.96
46.96	-1.6
47	-0.08
47.04	1.52
47.08	2.16
47.12	1.24
47.16	-0.48
47.2	-1.84
47.24	-1.76
47.28	-0.36
47.32	1.4
47.36	2.16
47.4	1.36
47.44	-0.36
47.48	-1.8
47.52	-1.8
47.56	-0.36
47.6	1.36
47.64	2.16
47.68	1.28
47.72	-0.48
47.76	-1.84
47.8	-1.8
47.84	-0.4
47.88	1.36
47.92	2.16
47.96	1.28
48	-0.48
48.04	-1.88
48.08	-1.72
48.12	-0.2
48.16	1.48
48.2	2.12
48.24	1.04
48.28	-0.8
48.32	-1.96
48.36	-1.56
48.4	0.08
48.44	1.68
48.48	2.04
48.52	0.88
48.56	-0.92
48.6	-2
48.64	-1.48
48.68	0.24
48.72	1.76
48.76	2.04
48.8	0.8
48.84	-0.96
48.88	-2
48.92	-1.56
48.96	0
49	1.6
49.04	2.12
49.08	1.16
49.12	-0.6
49.16	-1.88
49.2	-1.76
49.24	-0.32
49.28	1.4
49.32	2.16
49.36	1.32
49.4	-0.44
49.44	-1.84
49.48	-1.76
49.52	-0.24
49.56	1.48
49.6	2.12
49.64	1.12
49.68	-0.68
49.72	-1.88
49.76	-1.64
49.8	-0.08
49.84	1.64
49.88	2.12
49.92	1.04
49.96	-0.68
50	-1.92
50.04	-1.68
50.08	-0.24
50.12	1.44
50.16	2.16
50.2	1.32
50.24	-0.4
50.28	-1.8
50.32	-1.84
50.36	-0.52
50.4	1.24
50.44	2.16
50.48	1.4
50.52	-0.32
50.56	-1.76
50.6	-1.8
50.64	-0.52
50.68	1.2
50.72	2.16
50.76	1.44
50.8	-0.28
50.84	-1.76
50.88	-1.88
50.92	-0.48
50.96	1.28
51	2.12
51.04	1.36
51.08	-0.36
51.12	-1.76
51.16	-1.88
51.2	-0.6
51.24	1.12
51.28	2.12
51.32	1.6
51.36	0.04
51.4	-1.52
51.44	-2
51.48	-1.04
51.52	0.64
51.56	1.96
51.6	1.92
51.64	0.56
51.68	-1.2
51.72	-2.04
51.76	-1.32
51.8	0.44
51.84	1.88
51.88	1.96
51.92	0.56
51.96	-1.2
52	-2.04
52.04	-1.2
52.08	0.56
52.12	1.92
52.16	1.92
52.2	0.44
52.24	-1.32
52.28	-2.04
52.32	-1.08
52.36	0.72
52.4	1.96
52.44	1.88
52.48	0.4
52.52	-1.32
52.56	-2.04
52.6	-1.16
52.64	0.56
52.68	1.96
52.72	1.92
52.76	0.48
52.8	-1.24
52.84	-2.04
52.88	-1.2
52.92	0.56
52.96	1.96
53	1.92
53.04	0.52
53.08	-1.16
53.12	-2.04
53.16	-1.28
53.2	0.44
53.24	1.92
53.28	1.96
53.32	0.56
53.36	-1.24
53.4	-2.04
53.44	-1.24
53.48	0.4
53.52	1.84
53.56	2
53.6	0.72
53.64	-1.08
53.68	-2
53.72	-1.4
53.76	0.24
53.8	1.76
53.84	2.04
53.88	0.92
53.92	-0.8
53.96	-1.92
54	-1.68
54.04	-0.28
54.08	1.36
54.12	2.12
54.16	1.48
54.2	-0.24
54.24	-1.68
54.28	-1.92
54.32	-0.72
54.36	1.04
54.4	2.08
54.44	1.6
54.48	0
54.52	-1.56
54.56	-2
54.6	-0.88
54.64	0.84
54.68	2.04
54.72	1.76
54.76	0.2
54.8	-1.48
54.84	-2
54.88	-1.04
54.92	0.68
54.96	1.96
55	1.88
55.04	0.44
55.08	-1.28
55.12	-2.04
55.16	-1.24
55.2	0.48
55.24	1.88
55.28	1.96
55.32	0.56
55.36	-1.16
55.4	-2
55.44	-1.24
55.48	0.52
55.52	1.92
55.56	1.92
55.6	0.44
55.64	-1.36
55.68	-2
55.72	-1.12
55.76	0.68
55.8	2
55.84	1.8
55.88	0.28
55.92	-1.44
55.96	-2
56	-1
56.04	0.84
56.08	2.04
56.12	1.72
56.16	0.2
56.2	-1.44
56.24	-2
56.28	-1
56.32	0.72
56.36	2
56.4	1.8
56.44	0.28
56.48	-1.36
56.52	-2.04
56.56	-1.04
56.6	0.72
56.64	2
56.68	1.84
56.72	0.32
56.76	-1.4
56.8	-2
56.84	-1
56.88	0.76
56.92	2.04
56.96	1.8
57	0.28
57.04	-1.4
57.08	-2
57.12	-1
57.16	0.76
57.2	2
57.24	1.8
57.28	0.24
57.32	-1.44
57.36	-2
57.4	-0.92
57.44	0.84
57.48	2.08
57.52	1.64
57.56	0
57.6	-1.64
57.64	-1.96
57.68	-0.84
57.72	0.92
57.76	2.08
57.8	1.68
57.84	0.12
57.88	-1.52
57.92	-2
57.96	-1
58	0.68
58.04	1.96
58.08	1.96
58.12	0.6
58.16	-1.08
58.2	-2
58.24	-1.48
58.28	0.08
58.32	1.6
58.36	2.08
58.4	1.04
58.44	-0.72
58.48	-1.92
58.52	-1.76
58.56	-0.32
58.6	1.36
58.64	2.16
58.68	1.4
58.72	-0.36
58.76	-1.76
58.8	-1.84
58.84	-0.52
58.88	1.2
58.92	2.12
58.96	1.48
59	-0.2
59.04	-1.72
59.08	-1.88
59.12	-0.56
59.16	1.24
59.2	2.16
59.24	1.4
59.28	-0.36
59.32	-1.8
59.36	-1.84
59.4	-0.48
59.44	1.28
59.48	2.16
59.52	1.36
59.56	-0.4
59.6	-1.84
59.64	-1.8
59.68	-0.4
59.72	1.36
59.76	2.16
59.8	1.36
59.84	-0.28
59.88	-1.76
59.92	-1.88
59.96	-0.64
60	1.08
60.04	2.08
60.08	1.68
60.12	0.08
60.16	-1.52
60.2	-2
60.24	-1
60.28	0.72
60.32	1.96
60.36	1.88
60.4	0.44
60.44	-1.24
60.48	-2.04
60.52	-1.32
60.56	0.32
60.6	1.76
60.64	2.08
60.68	0.92
60.72	-0.8
60.76	-1.96
60.8	-1.64
60.84	-0.12
60.88	1.52
60.92	2.12
60.96	1.24
61	-0.48
61.04	-1.84
61.08	-1.8
61.12	-0.48
61.16	1.24
61.2	2.12
61.24	1.56
61.28	-0.08
61.32	-1.56
61.36	-1.96
61.4	-0.72
61.44	1.16
61.48	2.16
61.52	1.4
61.56	-0.44
61.6	-1.88
61.64	-1.72
61.68	-0.16
61.72	1.48
61.76	2.12
61.8	1.28
61.84	-0.44
61.88	-1.76
61.92	-1.84
61.96	-0.52
62	1.16
62.04	2.16
62.08	1.56
62.12	0.04
62.16	-1.56
62.2	-2
62.24	-1.04
62.28	0.6
62.32	1.96
62.36	1.92
62.4	0.56
62.44	-1.24
62.48	-2.04
62.52	-1.16
62.56	0.64
62.6	1.96
62.64	1.84
62.68	0.32
62.72	-1.36
62.76	-2.04
62.8	-1.12
62.84	0.56
62.88	1.92
62.92	1.92
62.96	0.56
63	-1.16
63.04	-2
63.08	-1.4
63.12	0.24
63.16	1.8
63.2	2.04
63.24	0.72
63.28	-1.08
63.32	-2
63.36	-1.32
63.4	0.36
63.44	1.84
63.48	2
63.52	0.68
63.56	-1.08
63.6	-2
63.64	-1.4
63.68	0.28
63.72	1.8
63.76	2.04
63.8	0.84
63.84	-0.92
63.88	-1.96
63.92	-1.48
63.96	0.16
64	1.72
64.04	2
64.08	0.68
64.12	-1.08
64.16	-2
64.2	-1.4
64.24	0.28
64.28	1.76
64.32	2.04
64.36	0.88
64.4	-0.92
64.44	-2.04
64.48	-1.48
64.52	0.16
64.56	1.72
64.6	2.08
64.64	0.84
64.68	-0.92
64.72	-2
64.76	-1.52
64.8	0
64.84	1.6
64.88	2.12
64.92	1.08
64.96	-0.68
65	-1.92
65.04	-1.72
65.08	-0.2
65.12	1.56
65.16	2.12
65.2	1.2
65.24	-0.48
65.28	-1.8
65.32	-1.88
65.36	-0.56
65.4	1.16
65.44	2.16
65.48	1.56
65.52	-0.08
65.56	-1.6
65.6	-1.96
65.64	-0.88
65.68	0.88
65.72	2.04
65.76	1.72
65.8	0.16
65.84	-1.48
65.88	-1.96
65.92	-0.84
65.96	0.96
66	2.08
66.04	1.72
66.08	0.2
66.12	-1.48
66.16	-2
66.2	-0.96
66.24	0.84
66.28	2.08
66.32	1.72
66.36	0.16
66.4	-1.52
66.44	-2
66.48	-1.04
66.52	0.68
66.56	1.96
66.6	1.92
66.64	0.64
66.68	-1.12
66.72	-2
66.76	-1.52
66.8	0.04
66.84	1.6
66.88	2.16
66.92	1.2
66.96	-0.52
67	-1.84
67.04	-1.8
67.08	-0.48
67.12	1.24
67.16	2.16
67.2	1.44
67.24	-0.32
67.28	-1.76
67.32	-1.84
67.36	-0.44
67.4	1.32
67.44	2.16
67.48	1.4
67.52	-0.28
67.56	-1.76
67.6	-1.84
67.64	-0.44
67.68	1.32
67.72	2.16
67.76	1.36
67.8	-0.48
67.84	-1.84
67.88	-1.76
67.92	-0.32
67.96	1.44
68	2.16
68.04	1.24
68.08	-0.52
68.12	-1.88
68.16	-1.72
68.2	-0.16
68.24	1.56
68.28	2.12
68.32	1.04
68.36	-0.76
68.4	-1.96
68.44	-1.64
68.48	-0.16
68.52	1.52
68.56	2.12
68.6	1.32
68.64	-0.48
68.68	-1.84
68.72	-1.76
68.76	-0.4
68.8	1.36
68.84	2.16
68.88	1.4
68.92	-0.28
68.96	-1.72
69	-1.88
69.04	-0.64
69.08	1.08
69.12	2.12
69.16	1.6
69.2	0
69.24	-1.56
69.28	-2
69.32	-0.92
69.36	0.84
69.4	2.08
69.44	1.68
69.48	0.16
69.52	-1.52
69.56	-2
69.6	-0.96
69.64	0.84
69.68	2.04
69.72	1.84
69.76	0.4
69.8	-1.32
69.84	-2
69.88	-1.24
69.92	0.4
69.96	1.88
70	2
70.04	0.76
70.08	-0.96
70.12	-2
70.16	-1.52
70.2	0.12
70.24	1.68
70.28	2.08
70.32	0.96
70.36	-0.84
70.4	-2
70.44	-1.56
70.48	0.08
70.52	1.68
70.56	2.08
70.6	0.92
70.64	-0.92
70.68	-2
70.72	-1.48
70.76	0.2
70.8	1.8
70.84	2
70.88	0.72
70.92	-1.12
70.96	-2
71	-1.28
71.04	0.44
71.08	1.92
71.12	1.96
71.16	0.48
71.2	-1.28
71.24	-2.04
71.28	-1.08
71.32	0.72
71.36	2
71.4	1.8
71.44	0.2
71.48	-1.52
71.52	-1.92
71.56	-0.8
71.6	1
71.64	2.12
71.68	1.56
71.72	-0.16
71.76	-1.72
71.8	-1.88
71.84	-0.44
71.88	1.36
71.92	2.12
71.96	1.28
72	-0.56
72.04	-1.92
72.08	-1.68
72.12	-0.16
72.16	1.52
72.2	2.16
72.24	1.08
72.28	-0.76
72.32	-1.96
72.36	-1.52
72.4	0.16
72.44	1.8
72.48	2
72.52	0.6
72.56	-1.24
72.6	-2.04
72.64	-1.08
72.68	0.84
72.72	2.08
72.76	1.68
72.8	-0.04
72.84	-1.68
72.88	-1.84
72.92	-0.44
72.96	1.36
73	2.16
73.04	1.2
73.08	-0.64
73.12	-1.92
73.16	-1.64
73.2	0
73.24	1.64
73.28	2.12
73.32	0.96
73.36	-0.8
73.4	-2
73.44	-1.52
73.48	0.16
73.52	1.8
73.56	2
73.6	0.68
73.64	-1.12
73.68	-2.04
73.72	-1.28
73.76	0.44
73.8	1.88
73.84	1.96
73.88	0.56
73.92	-1.2
73.96	-2.04
74	-1.12
74.04	0.72
74.08	2.04
74.12	1.76
74.16	0.08
74.2	-1.56
74.24	-1.96
74.28	-0.76
74.32	1.04
74.36	2.12
74.4	1.52
74.44	-0.2
74.48	-1.76
74.52	-1.88
74.56	-0.44
74.6	1.36
74.64	2.16
74.68	1.32
74.72	-0.44
74.76	-1.88
74.8	-1.72
74.84	-0.16
74.88	1.6
74.92	2.08
74.96	1
75	-0.8
75.04	-1.96
75.08	-1.56
75.12	0.12
75.16	1.72
75.2	2
75.24	0.68
75.28	-1.2
75.32	-2
75.36	-1.08
75.4	0.72
75.44	2.04
75.48	1.76
75.52	0.08
75.56	-1.6
75.6	-1.92
75.64	-0.6
75.68	1.2
75.72	2.16
75.76	1.28
75.8	-0.56
75.84	-1.92
75.88	-1.64
75.92	-0.04
75.96	1.64
76	2.08
76.04	0.8
76.08	-1.12
76.12	-2.04
76.16	-1.16
76.2	0.64
76.24	2
76.28	1.72
76.32	0.04
76.36	-1.6
76.4	-1.92
76.44	-0.76
76.48	1.04
76.52	2.08
76.56	1.64
76.6	0
76.64	-1.56
76.68	-1.96
76.72	-0.8
76.76	1.04
76.8	2.12
76.84	1.52
76.88	-0.28
76.92	-1.8
76.96	-1.8
77	-0.32
77.04	1.4
77.08	2.12
77.12	1.24
77.16	-0.48
77.2	-1.84
77.24	-1.8
77.28	-0.4
77.32	1.32
77.36	2.16
77.4	1.48
77.44	-0.16
77.48	-1.68
77.52	-1.92
77.56	-0.68
77.6	1.08
77.64	2.12
77.68	1.56
77.72	-0.08
77.76	-1.64
77.8	-1.96
77.84	-0.8
77.88	0.96
77.92	2.04
77.96	1.76
78	0.32
78.04	-1.28
78.08	-2
78.12	-1.32
78.16	0.32
78.2	1.76
78.24	2.04
78.28	0.96
78.32	-0.8
78.36	-1.92
78.4	-1.72
78.44	-0.28
78.48	1.36
78.52	2.16
78.56	1.48
78.6	-0.16
78.64	-1.68
78.68	-1.88
78.72	-0.8
78.76	0.92
78.8	2.04
78.84	1.84
78.88	0.44
78.92	-1.2
78.96	-2
79	-1.4
79.04	0.24
79.08	1.72
79.12	2.04
79.16	0.96
79.2	-0.76
79.24	-1.88
79.28	-1.72
79.32	-0.28
79.36	1.36
79.4	2.16
79.44	1.4
79.48	-0.28
79.52	-1.72
79.56	-1.92
79.6	-0.72
79.64	1
79.68	2.08
79.72	1.76
79.76	0.16
79.8	-1.44
79.84	-2
79.88	-0.96
79.92	0.8
79.96	2.04
80	1.8
80.04	0.28
80.08	-1.4
80.12	-2
80.16	-1.08
80.2	0.64
80.24	1.96
80.28	1.88
80.32	0.44
80.36	-1.24
80.4	-2.04
80.44	-1.32
80.48	0.32
80.52	1.8
80.56	2.04
80.6	0.8
80.64	-0.92
80.68	-1.96
80.72	-1.6
80.76	-0.12
80.8	1.56
80.84	2.12
80.88	1.2
80.92	-0.56
80.96	-1.84
81	-1.76
81.04	-0.44
81.08	1.32
81.12	2.16
81.16	1.32
81.2	-0.4
81.24	-1.8
81.28	-1.8
81.32	-0.4
81.36	1.32
81.4	2.16
81.44	1.32
81.48	-0.48
81.52	-1.84
81.56	-1.72
81.6	-0.24
81.64	1.52
81.68	2.12
81.72	1.04
81.76	-0.8
81.8	-2
81.84	-1.44
81.88	0.32
81.92	1.88
81.96	1.92
82	0.44
82.04	-1.36
82.08	-2
82.12	-0.92
82.16	0.96
82.2	2.08
82.24	1.6
82.28	-0.12
82.32	-1.76
82.36	-1.88
82.4	-0.4
82.44	1.4
82.48	2.12
82.52	1.04
82.56	-0.8
82.6	-1.96
82.64	-1.52
82.68	0.2
82.72	1.76
82.76	2.04
82.8	0.68
82.84	-1.16
82.88	-2.04
82.92	-1.28
82.96	0.44
83	1.92
83.04	1.92
83.08	0.4
83.12	-1.36
83.16	-2
83.2	-0.96
83.24	0.84
83.28	2.04
83.32	1.64
83.36	-0.04
83.4	-1.68
83.44	-1.88
83.48	-0.6
83.52	1.24
83.56	2.16
83.6	1.32
83.64	-0.48
83.68	-1.84
83.72	-1.8
83.76	-0.44
83.8	1.24
83.84	2.12
83.88	1.56
83.92	-0.04
83.96	-1.56
84	-1.96
84.04	-0.92
84.08	0.92
84.12	2.08
84.16	1.72
84.2	0.2
84.24	-1.4
84.28	-2
84.32	-1.2
84.36	0.48
84.4	1.84
84.44	2
84.48	0.72
84.52	-1.04
84.56	-2
84.6	-1.48
84.64	0.12
84.68	1.68
84.72	2.08
84.76	0.96
84.8	-0.76
84.84	-1.92
84.88	-1.68
84.92	-0.24
84.96	1.4
85	2.16
85.04	1.44
85.08	-0.28
85.12	-1.72
85.16	-1.88
85.2	-0.64
85.24	1.08
85.28	2.12
85.32	1.6
85.36	-0.04
85.4	-1.6
85.44	-1.96
85.48	-0.84
85.52	0.88
85.56	2.08
85.6	1.76
85.64	0.16
85.68	-1.52
85.72	-2
85.76	-1
85.8	0.68
85.84	1.96
85.88	1.92
85.92	0.48
85.96	-1.2
86	-2
86.04	-1.36
86.08	0.32
86.12	1.8
86.16	2.04
86.2	0.88
86.24	-0.88
86.28	-1.96
86.32	-1.68
86.36	-0.16
86.4	1.44
86.44	2.12
86.48	1.28
86.52	-0.52
86.56	-1.88
86.6	-1.72
86.64	-0.28
86.68	1.4
86.72	2.12
86.76	1.36
86.8	-0.28
86.84	-1.72
86.88	-1.92
86.92	-0.76
86.96	0.96
87	2.08
87.04	1.8
87.08	0.28
87.12	-1.36
87.16	-2.04
87.2	-1.32
87.24	0.28
87.28	1.76
87.32	2.08
87.36	0.96
87.4	-0.68
87.44	-1.84
87.48	-1.84
87.52	-0.56
87.56	1.08
87.6	2.08
87.64	1.72
87.68	0.24
87.72	-1.36
87.76	-2.04
87.8	-1.24
87.84	0.4
87.88	1.8
87.92	2.04
87.96	1
88	-0.64
88.04	-1.84
88.08	-1.8
88.12	-0.56
88.16	1.08
88.2	2.08
88.24	1.76
88.28	0.36
88.32	-1.28
88.36	-2.04
88.4	-1.36
88.44	0.28
88.48	1.72
88.52	2.08
88.56	1.04
88.6	-0.64
88.64	-1.88
88.68	-1.76
88.72	-0.48
88.76	1.2
88.8	2.12
88.84	1.68
88.88	0.2
88.92	-1.44
88.96	-2
89	-1.16
89.04	0.48
89.08	1.88
89.12	2
89.16	0.68
89.2	-0.96
89.24	-2
89.28	-1.64
89.32	-0.16
89.36	1.48
89.4	2.16
89.44	1.44
89.48	-0.16
89.52	-1.64
89.56	-1.96
89.6	-1
89.64	0.64
89.68	1.96
89.72	1.92
89.76	0.64
89.8	-1.12
89.84	-2.04
89.88	-1.32
89.92	0.48
89.96	1.88
90	1.96
90.04	0.52
90.08	-1.24
90.12	-2.04
90.16	-1.24
90.2	0.44
90.24	1.88
90.28	1.96
90.32	0.64
90.36	-1.12
90.4	-2
90.44	-1.36
90.48	0.32
90.52	1.8
90.56	2
90.6	0.8
90.64	-0.96
90.68	-2
90.72	-1.4
90.76	0.28
90.8	1.8
90.84	2.04
90.88	0.8
90.92	-1
90.96	-2
91	-1.52
91.04	0.08
91.08	1.64
91.12	2.08
91.16	0.92
91.2	-0.88
91.24	-2
91.28	-1.52
91.32	0.08
91.36	1.64
91.4	2.12
91.44	1.04
91.48	-0.68
91.52	-1.88
91.56	-1.76
91.6	-0.36
91.64	1.36
91.68	2.16
91.72	1.32
91.76	-0.44
91.8	-1.8
91.84	-1.8
91.88	-0.44
91.92	1.32
91.96	2.12
92	1.44
92.04	-0.2
92.08	-1.72
92.12	-1.92
92.16	-0.72
92.2	1.04
92.24	2.12
92.28	1.68
92.32	0.08
92.36	-1.56
92.4	-1.96
92.44	-0.96
92.48	0.76
92.52	2
92.56	1.8
92.6	0.32
92.64	-1.36
92.68	-2.04
92.72	-1.08
92.76	0.68
92.8	2
92.84	1.84
92.88	0.4
92.92	-1.28
92.96	-2.04
93	-1.12
93.04	0.68
93.08	2
93.12	1.8
93.16	0.28
93.2	-1.44
93.24	-2
93.28	-1
93.32	0.72
93.36	2
93.4	1.8
93.44	0.32
93.48	-1.4
93.52	-2
93.56	-1.12
93.6	0.6
93.64	1.92
93.68	1.96
93.72	0.6
93.76	-1.12
93.8	-2.04
93.84	-1.4
93.88	0.2
93.92	1.76
93.96	2.04
94	0.92
94.04	-0.8
94.08	-1.92
94.12	-1.68
94.16	-0.28
94.2	1.36
94.24	2.12
94.28	1.56
94.32	0
94.36	-1.48
94.4	-2
94.44	-1.16
94.48	0.48
94.52	1.88
94.56	2
94.6	0.76
94.64	-0.96
94.68	-2
94.72	-1.56
94.76	-0.08
94.8	1.52
94.84	2.16
94.88	1.28
94.92	-0.4
94.96	-1.76
95	-1.88
95.04	-0.72
95.08	1.04
95.12	2.12
95.16	1.72
95.2	0.24
95.24	-1.4
95.28	-2.04
95.32	-1.24
95.36	0.4
95.4	1.84
95.44	2.04
95.48	0.92
95.52	-0.76
95.56	-1.88
95.6	-1.76
95.64	-5.12
95.68	-5.12
95.72	-5.12
95.76	-5.12
95.8	-5.12
95.84	-5.12
95.88	-5.12
95.92	-5.12
95.96	-5.12
96	-5.12
96.04	-5.12
96.08	-5.12
96.12	-5.12
96.16	-5.12
96.2	-5.12
96.24	-5.12
96.28	-5.12
96.32	-5.12
96.36	-5.12
96.4	-5.12
96.44	-5.12
96.48	-5.12
96.52	-5.12
96.56	-5.12
96.6	-5.12
96.64	-5.12
96.68	-5.12
96.72	-5.12
96.76	-5.12
96.8	-5.12
96.84	-5.12
96.88	-5.12
96.92	-5.12
96.96	-5.12
97	-5.12
97.04	-5.12
97.08	-5.12
97.12	-5.12
97.16	-5.12
97.2	-5.12
97.24	-5.12
97.28	-5.12
97.32	-5.12
97.36	-5.12
97.4	-5.12
97.44	-5.12
97.48	-5.12
97.52	-5.12
97.56	-5.12
97.6	-5.12
97.64	-5.12
97.68	-5.12
97.72	-5.12
97.76	-5.12
97.8	-5.12
97.84	-5.12
97.88	-5.12
97.92	-5.12
97.96	-5.12
98	-5.12
98.04	-5.12
98.08	-5.12
98.12	-5.12
98.16	-5.12
98.2	-5.12
98.24	-5.12
98.28	-5.12
98.32	-5.12
98.36	-5.12
98.4	-5.12
98.44	-5.12
98.48	-5.12
98.52	-5.12
98.56	-5.12
98.6	-5.12
98.64	-5.12
98.68	-5.12
98.72	-5.12
98.76	-5.12
98.8	-5.12
98.84	-5.12
98.88	-5.12
98.92	-5.12
98.96	-5.12
99	-5.12
99.04	-5.12
99.08	-5.12
99.12	-5.12
99.16	-5.12
99.2	-5.12
99.24	-5.12
99.28	-5.12
99.32	-5.12
99.36	-5.12
99.4	-5.12
99.44	-5.12
99.48	-5.12
99.52	-5.12
99.56	-5.12
99.6	-5.12
99.64	-5.12
99.68	-5.12
99.72	-5.12
99.76	-5.12
99.8	-5.12
99.84	-5.12
99.88	-5.12
99.92	-5.12
99.96	-5.12
