0	-24.9691
24.66067	-22.5691
49.32134	-28.9691
73.98201	-58.5691
98.64268	-60.9691
123.30335	-60.9691
147.96402	-60.9691
172.62468	-60.9691
197.28535	-60.9691
221.94602	-58.5691
246.60669	-58.5691
271.26736	-60.9691
295.92803	-60.9691
320.5887	-58.5691
345.24937	-60.9691
369.91004	-60.9691
394.57071	-60.9691
419.23138	-58.5691
443.89205	-54.5691
468.55272	-49.3691
493.21339	-51.7691
517.87406	-55.3691
542.53473	-60.9691
567.1954	-60.9691
591.85607	-60.9691
616.51674	-60.9691
641.17741	-55.3691
665.83808	-54.5691
690.49875	-55.3691
715.15942	-51.7691
739.82009	-54.5691
764.48076	-58.5691
789.14143	-58.5691
813.8021	-55.3691
838.46277	-60.9691
863.12344	-54.5691
887.78411	-58.5691
912.44478	-58.5691
937.10545	-58.5691
961.76612	-58.5691
986.42679	-60.9691
1011.08746	-60.9691
1035.74813	-60.9691
1060.4088	-60.9691
1085.06947	-60.9691
1109.73014	-60.9691
1134.39081	-60.9691
1159.05148	-60.9691
1183.71215	-60.9691
1208.37282	-60.9691
1233.03349	-60.9691
1257.69416	-60.9691
1282.35483	-60.9691
1307.0155	-60.9691
1331.67617	-60.9691
1356.33684	-58.5691
1380.99751	-60.9691
1405.65818	-60.9691
1430.31885	-60.9691
1454.97952	-60.9691
1479.64019	-58.5691
1504.30086	-60.9691
1528.96153	-60.9691
1553.6222	-54.5691
1578.28287	-52.5691
1602.94354	-54.5691
1627.60421	-54.5691
1652.26488	-60.9691
1676.92555	-60.9691
1701.58622	-55.3691
1726.24689	-60.9691
1750.90756	-60.9691
1775.56823	-60.9691
1800.2289	-60.9691
1824.88957	-60.9691
1849.55024	-55.3691
1874.21091	-54.5691
1898.87158	-54.5691
1923.53225	-60.9691
1948.19292	-60.9691
1972.85359	-60.9691
1997.51426	-58.5691
2022.17493	-60.9691
2046.8356	-60.9691
2071.49627	-60.9691
2096.15694	-60.9691
2120.81761	-60.9691
2145.47828	-60.9691
2170.13895	-58.5691
2194.79962	-60.9691
2219.46029	-60.9691
2244.12096	-58.5691
2268.78163	-58.5691
2293.4423	-60.9691
2318.10297	-60.9691
2342.76364	-60.9691
2367.42431	-60.9691
2392.08498	-60.9691
2416.74565	-60.9691
2441.40632	-60.9691
2466.06699	-58.5691
2490.72766	-58.5691
2515.38833	-60.9691
2540.049	-60.9691
2564.70967	-58.5691
2589.37034	-58.5691
2614.03101	-60.9691
2638.69168	-60.9691
2663.35235	-60.9691
2688.01302	-60.9691
2712.67369	-60.9691
2737.33436	-58.5691
2761.99503	-55.3691
2786.6557	-58.5691
2811.31637	-58.5691
2835.97704	-60.9691
2860.63771	-54.5691
2885.29838	-58.5691
2909.95905	-60.9691
2934.61972	-60.9691
2959.28039	-55.3691
2983.94106	-60.9691
3008.60173	-54.5691
3033.2624	-54.5691
3057.92307	-54.5691
3082.58374	-54.5691
3107.24441	-54.5691
3131.90508	-60.9691
3156.56575	-60.9691
3181.22642	-60.9691
3205.88709	-60.9691
3230.54776	-60.9691
3255.20843	-60.9691
3279.8691	-58.5691
3304.52977	-60.9691
3329.19044	-60.9691
3353.85111	-60.9691
3378.51178	-58.5691
3403.17245	-60.9691
3427.83312	-60.9691
3452.49379	-60.9691
3477.15446	-60.9691
3501.81513	-54.5691
3526.4758	-60.9691
3551.13647	-60.9691
3575.79714	-60.9691
3600.45781	-60.9691
3625.11848	-58.5691
3649.77915	-58.5691
3674.43982	-60.9691
3699.10049	-60.9691
3723.76116	-60.9691
3748.42183	-60.9691
3773.0825	-60.9691
3797.74317	-60.9691
3822.40384	-58.5691
3847.06451	-60.9691
3871.72518	-55.3691
3896.38585	-54.5691
3921.04652	-58.5691
3945.70719	-58.5691
3970.36786	-58.5691
3995.02853	-60.9691
4019.6892	-60.9691
4044.34987	-60.9691
4069.01054	-60.9691
4093.67121	-60.9691
4118.33188	-58.5691
4142.99255	-58.5691
4167.65322	-58.5691
4192.31389	-60.9691
4216.97456	-60.9691
4241.63523	-60.9691
4266.2959	-58.5691
4290.95657	-60.9691
4315.61724	-60.9691
4340.27791	-58.5691
4364.93858	-60.9691
4389.59925	-60.9691
4414.25992	-60.9691
4438.92059	-60.9691
4463.58126	-60.9691
4488.24193	-60.9691
4512.9026	-60.9691
4537.56327	-60.9691
4562.22394	-60.9691
4586.88461	-60.9691
4611.54528	-58.5691
4636.20595	-60.9691
4660.86662	-60.9691
4685.52729	-58.5691
4710.18796	-60.9691
4734.84863	-60.9691
4759.5093	-58.5691
4784.16997	-60.9691
4808.83064	-60.9691
4833.49131	-60.9691
4858.15198	-60.9691
4882.81265	-60.9691
4907.47332	-58.5691
4932.13399	-60.9691
4956.79466	-60.9691
4981.45533	-58.5691
5006.116	-60.9691
5030.77667	-60.9691
5055.43734	-60.9691
5080.09801	-60.9691
5104.75868	-60.9691
5129.41935	-60.9691
5154.08002	-55.3691
5178.74069	-55.3691
5203.40136	-58.5691
5228.06203	-54.5691
5252.7227	-58.5691
5277.38337	-58.5691
5302.04404	-60.9691
5326.70471	-58.5691
5351.36538	-60.9691
5376.02605	-60.9691
5400.68672	-58.5691
5425.34739	-54.5691
5450.00806	-60.9691
5474.66873	-60.9691
5499.3294	-58.5691
5523.99007	-60.9691
5548.65074	-58.5691
5573.31141	-54.5691
5597.97208	-60.9691
5622.63275	-60.9691
5647.29342	-60.9691
5671.95409	-58.5691
5696.61476	-58.5691
5721.27543	-60.9691
5745.9361	-60.9691
5770.59677	-60.9691
5795.25744	-58.5691
5819.91811	-54.5691
5844.57878	-55.3691
5869.23945	-60.9691
5893.90012	-60.9691
5918.56079	-58.5691
5943.22146	-60.9691
5967.88213	-60.9691
5992.5428	-60.9691
6017.20347	-58.5691
6041.86414	-60.9691
6066.52481	-60.9691
6091.18548	-60.9691
6115.84615	-60.9691
6140.50682	-60.9691
6165.16749	-60.9691
6189.82816	-60.9691
6214.48883	-60.9691
6239.1495	-60.9691
6263.81017	-60.9691
6288.47084	-60.9691
6313.13151	-58.5691
6337.79218	-60.9691
6362.45285	-60.9691
6387.11352	-60.9691
6411.77419	-60.9691
6436.43486	-60.9691
6461.09553	-60.9691
6485.7562	-60.9691
6510.41687	-58.5691
6535.07754	-60.9691
6559.73821	-60.9691
6584.39888	-58.5691
6609.05955	-58.5691
6633.72022	-60.9691
6658.38089	-60.9691
6683.04156	-58.5691
6707.70223	-54.5691
6732.3629	-60.9691
6757.02357	-60.9691
6781.68424	-60.9691
6806.34491	-58.5691
6831.00558	-54.5691
6855.66625	-58.5691
6880.32692	-60.9691
6904.98759	-58.5691
6929.64826	-58.5691
6954.30893	-58.5691
6978.9696	-60.9691
7003.63027	-58.5691
7028.29094	-51.7691
7052.95161	-54.5691
7077.61228	-60.9691
7102.27295	-60.9691
7126.93362	-60.9691
7151.59429	-60.9691
7176.25496	-60.9691
7200.91563	-60.9691
7225.5763	-60.9691
7250.23697	-58.5691
7274.89764	-60.9691
7299.55831	-60.9691
7324.21898	-60.9691
7348.87965	-60.9691
7373.54032	-60.9691
7398.20099	-60.9691
7422.86166	-60.9691
7447.52233	-60.9691
7472.183	-60.9691
7496.84367	-60.9691
7521.50434	-58.5691
7546.16501	-60.9691
7570.82568	-60.9691
7595.48635	-58.5691
7620.14702	-58.5691
7644.80769	-58.5691
7669.46836	-60.9691
7694.12903	-60.9691
7718.7897	-58.5691
7743.45037	-60.9691
7768.11104	-55.3691
7792.77171	-54.5691
7817.43238	-58.5691
7842.09305	-60.9691
7866.75372	-55.3691
7891.41439	-60.9691
7916.07506	-58.5691
7940.73573	-60.9691
7965.3964	-60.9691
7990.05707	-60.9691
8014.71774	-60.9691
8039.37841	-58.5691
8064.03908	-60.9691
8088.69975	-60.9691
8113.36042	-60.9691
8138.02109	-58.5691
8162.68176	-54.5691
8187.34243	-58.5691
8212.0031	-60.9691
8236.66377	-60.9691
8261.32444	-60.9691
8285.98511	-60.9691
8310.64578	-54.5691
8335.30645	-58.5691
8359.96712	-54.5691
8384.62779	-60.9691
8409.28846	-60.9691
8433.94913	-58.5691
8458.6098	-60.9691
8483.27047	-55.3691
8507.93114	-60.9691
8532.59181	-60.9691
8557.25248	-60.9691
8581.91315	-60.9691
8606.57382	-60.9691
8631.23449	-60.9691
8655.89516	-60.9691
8680.55583	-60.9691
8705.2165	-60.9691
8729.87717	-60.9691
8754.53784	-60.9691
8779.19851	-60.9691
8803.85918	-58.5691
8828.51985	-58.5691
8853.18052	-60.9691
8877.84119	-60.9691
8902.50186	-58.5691
8927.16253	-58.5691
8951.8232	-60.9691
8976.48387	-60.9691
9001.14454	-58.5691
9025.80521	-58.5691
9050.46588	-60.9691
9075.12655	-54.5691
9099.78722	-60.9691
9124.44789	-60.9691
9149.10856	-60.9691
9173.76923	-60.9691
9198.4299	-60.9691
9223.09057	-60.9691
9247.75124	-60.9691
9272.41191	-60.9691
9297.07258	-60.9691
9321.73325	-60.9691
9346.39392	-60.9691
9371.05459	-60.9691
9395.71526	-60.9691
9420.37593	-60.9691
9445.0366	-60.9691
9469.69727	-60.9691
9494.35794	-60.9691
9519.01861	-60.9691
9543.67928	-60.9691
9568.33995	-58.5691
9593.00062	-60.9691
9617.66129	-60.9691
9642.32196	-60.9691
9666.98263	-60.9691
9691.6433	-54.5691
9716.30397	-58.5691
9740.96464	-60.9691
9765.62531	-60.9691
9790.28598	-58.5691
9814.94665	-47.3691
9839.60732	-50.1691
9864.26799	-41.7691
9888.92866	-40.9691
9913.58933	-29.3691
9938.25	-15.3691
9962.91067	0.2309
9987.57134	3.4309
10012.23201	3.4309
10036.89268	1.4309
10061.55335	-10.9691
10086.21402	-29.3691
10110.87469	-35.3691
10135.53536	-48.9691
10160.19603	-41.3691
10184.8567	-48.9691
10209.51737	-48.9691
10234.17804	-60.9691
10258.83871	-58.5691
10283.49938	-60.9691
10308.16005	-60.9691
10332.82072	-60.9691
10357.48139	-60.9691
10382.14206	-60.9691
10406.80273	-60.9691
10431.4634	-60.9691
10456.12407	-55.3691
10480.78474	-54.5691
10505.44541	-60.9691
10530.10608	-54.5691
10554.76675	-58.5691
10579.42742	-60.9691
10604.08809	-60.9691
10628.74876	-60.9691
10653.40943	-60.9691
10678.0701	-60.9691
10702.73077	-60.9691
10727.39144	-58.5691
10752.05211	-60.9691
10776.71278	-60.9691
10801.37345	-60.9691
10826.03412	-60.9691
10850.69479	-60.9691
10875.35546	-60.9691
10900.01613	-60.9691
10924.6768	-60.9691
10949.33747	-60.9691
10973.99814	-60.9691
10998.65881	-58.5691
11023.31948	-60.9691
11047.98015	-58.5691
11072.64082	-54.5691
11097.30149	-58.5691
11121.96216	-60.9691
11146.62283	-60.9691
11171.2835	-60.9691
11195.94417	-60.9691
11220.60484	-60.9691
11245.26551	-60.9691
11269.92618	-60.9691
11294.58685	-60.9691
11319.24752	-60.9691
11343.90819	-60.9691
11368.56886	-60.9691
11393.22953	-60.9691
11417.8902	-60.9691
11442.55087	-60.9691
11467.21154	-60.9691
11491.87221	-60.9691
11516.53288	-60.9691
11541.19355	-58.5691
11565.85422	-58.5691
11590.51489	-60.9691
11615.17556	-60.9691
11639.83623	-55.3691
11664.4969	-55.3691
11689.15757	-60.9691
11713.81824	-60.9691
11738.47891	-60.9691
11763.13958	-60.9691
11787.80025	-60.9691
11812.46092	-60.9691
11837.12159	-58.5691
11861.78226	-60.9691
11886.44293	-60.9691
11911.1036	-60.9691
11935.76427	-55.3691
11960.42494	-60.9691
11985.08561	-55.3691
12009.74628	-60.9691
12034.40695	-60.9691
12059.06762	-60.9691
12083.72829	-55.3691
12108.38896	-58.5691
12133.04963	-54.5691
12157.7103	-60.9691
12182.37097	-58.5691
12207.03164	-60.9691
12231.69231	-60.9691
12256.35298	-60.9691
12281.01365	-60.9691
12305.67432	-55.3691
12330.33499	-60.9691
12354.99566	-58.5691
12379.65633	-60.9691
12404.317	-60.9691
12428.97767	-60.9691
12453.63834	-60.9691
12478.29901	-58.5691
12502.95968	-60.9691
12527.62035	-58.5691
12552.28102	-60.9691
12576.94169	-60.9691
12601.60236	-60.9691
12626.26303	-60.9691
12650.9237	-60.9691
12675.58437	-60.9691
12700.24504	-60.9691
12724.90571	-55.3691
12749.56638	-60.9691
12774.22705	-60.9691
12798.88772	-60.9691
12823.54839	-60.9691
12848.20906	-60.9691
12872.86973	-60.9691
12897.5304	-60.9691
12922.19107	-60.9691
12946.85174	-60.9691
12971.51241	-60.9691
12996.17308	-60.9691
13020.83375	-58.5691
13045.49442	-60.9691
13070.15509	-60.9691
13094.81576	-60.9691
13119.47643	-55.3691
13144.1371	-60.9691
13168.79777	-60.9691
13193.45844	-60.9691
13218.11911	-60.9691
13242.77978	-60.9691
13267.44045	-54.5691
13292.10112	-55.3691
13316.76179	-60.9691
13341.42246	-58.5691
13366.08313	-60.9691
13390.7438	-60.9691
13415.40447	-54.5691
13440.06514	-55.3691
13464.72581	-60.9691
13489.38648	-58.5691
13514.04715	-58.5691
13538.70782	-60.9691
13563.36849	-60.9691
13588.02916	-60.9691
13612.68983	-58.5691
13637.3505	-60.9691
13662.01117	-58.5691
13686.67184	-60.9691
13711.33251	-60.9691
13735.99318	-60.9691
13760.65385	-60.9691
13785.31452	-60.9691
13809.97519	-60.9691
13834.63586	-60.9691
13859.29653	-60.9691
13883.9572	-60.9691
13908.61787	-60.9691
13933.27854	-60.9691
13957.93921	-60.9691
13982.59988	-60.9691
14007.26055	-58.5691
14031.92122	-60.9691
14056.58189	-60.9691
14081.24256	-60.9691
14105.90323	-58.5691
14130.5639	-58.5691
14155.22457	-60.9691
14179.88524	-60.9691
14204.54591	-60.9691
14229.20658	-60.9691
14253.86725	-60.9691
14278.52792	-60.9691
14303.18859	-60.9691
14327.84926	-60.9691
14352.50993	-60.9691
14377.1706	-60.9691
14401.83127	-60.9691
14426.49194	-60.9691
14451.15261	-60.9691
14475.81328	-55.3691
14500.47395	-58.5691
14525.13462	-60.9691
14549.79529	-60.9691
14574.45596	-58.5691
14599.11663	-55.3691
14623.7773	-54.5691
14648.43797	-55.3691
14673.09864	-60.9691
14697.75931	-60.9691
14722.41998	-60.9691
14747.08065	-58.5691
14771.74132	-60.9691
14796.40199	-60.9691
14821.06266	-60.9691
14845.72333	-60.9691
14870.384	-60.9691
14895.04467	-58.5691
14919.70534	-60.9691
14944.36601	-60.9691
14969.02668	-60.9691
14993.68735	-58.5691
15018.34802	-58.5691
15043.00869	-58.5691
15067.66936	-55.3691
15092.33003	-60.9691
15116.9907	-54.5691
15141.65137	-54.5691
15166.31204	-60.9691
15190.97271	-60.9691
15215.63338	-60.9691
15240.29405	-58.5691
15264.95472	-60.9691
15289.61539	-58.5691
15314.27606	-58.5691
15338.93673	-60.9691
15363.5974	-60.9691
15388.25807	-60.9691
15412.91874	-60.9691
15437.57941	-60.9691
15462.24008	-58.5691
15486.90075	-60.9691
15511.56142	-58.5691
15536.22209	-60.9691
15560.88276	-55.3691
15585.54343	-58.5691
15610.2041	-60.9691
15634.86477	-60.9691
15659.52544	-60.9691
15684.18611	-60.9691
15708.84678	-60.9691
15733.50745	-60.9691
15758.16812	-60.9691
15782.82879	-60.9691
15807.48946	-60.9691
15832.15013	-60.9691
15856.8108	-58.5691
15881.47147	-60.9691
15906.13214	-60.9691
15930.79281	-60.9691
15955.45348	-55.3691
15980.11415	-58.5691
16004.77482	-58.5691
16029.43549	-60.9691
16054.09616	-60.9691
16078.75683	-60.9691
16103.4175	-60.9691
16128.07817	-60.9691
16152.73884	-58.5691
16177.39951	-58.5691
16202.06018	-58.5691
16226.72085	-60.9691
16251.38152	-60.9691
16276.04219	-60.9691
16300.70286	-60.9691
16325.36353	-60.9691
16350.0242	-60.9691
16374.68487	-60.9691
16399.34554	-55.3691
16424.00621	-60.9691
16448.66688	-60.9691
16473.32755	-60.9691
16497.98822	-60.9691
16522.64889	-60.9691
16547.30956	-58.5691
16571.97023	-58.5691
16596.6309	-52.5691
16621.29157	-58.5691
16645.95224	-58.5691
16670.61291	-60.9691
16695.27358	-60.9691
16719.93425	-60.9691
16744.59492	-55.3691
16769.25559	-60.9691
16793.91626	-60.9691
16818.57693	-60.9691
16843.2376	-60.9691
16867.89827	-60.9691
16892.55894	-60.9691
16917.21961	-60.9691
16941.88028	-60.9691
16966.54095	-60.9691
16991.20162	-60.9691
17015.86229	-60.9691
17040.52296	-60.9691
17065.18363	-60.9691
17089.8443	-58.5691
17114.50497	-60.9691
17139.16564	-60.9691
17163.82631	-60.9691
17188.48698	-60.9691
17213.14765	-60.9691
17237.80832	-58.5691
17262.46899	-60.9691
17287.12966	-60.9691
17311.79033	-60.9691
17336.451	-60.9691
17361.11167	-60.9691
17385.77234	-60.9691
17410.43301	-60.9691
17435.09368	-60.9691
17459.75435	-60.9691
17484.41502	-60.9691
17509.07569	-60.9691
17533.73636	-55.3691
17558.39703	-60.9691
17583.0577	-60.9691
17607.71837	-60.9691
17632.37904	-58.5691
17657.03971	-60.9691
17681.70038	-60.9691
17706.36105	-60.9691
17731.02172	-60.9691
17755.68239	-60.9691
17780.34306	-60.9691
17805.00373	-60.9691
17829.6644	-60.9691
17854.32507	-58.5691
17878.98574	-60.9691
17903.64641	-60.9691
17928.30708	-60.9691
17952.96775	-60.9691
17977.62842	-60.9691
18002.28909	-60.9691
18026.94976	-58.5691
18051.61043	-58.5691
18076.2711	-60.9691
18100.93177	-58.5691
18125.59244	-58.5691
18150.25311	-60.9691
18174.91378	-60.9691
18199.57445	-60.9691
18224.23512	-60.9691
18248.89579	-60.9691
18273.55646	-60.9691
18298.21713	-60.9691
18322.8778	-58.5691
18347.53847	-58.5691
18372.19914	-54.5691
18396.85981	-60.9691
18421.52048	-58.5691
18446.18115	-60.9691
18470.84182	-58.5691
18495.50249	-60.9691
18520.16316	-60.9691
18544.82383	-60.9691
18569.4845	-60.9691
18594.14517	-60.9691
18618.80584	-60.9691
18643.46651	-60.9691
18668.12718	-60.9691
18692.78785	-60.9691
18717.44852	-60.9691
18742.10919	-60.9691
18766.76986	-60.9691
18791.43053	-60.9691
18816.0912	-58.5691
18840.75187	-58.5691
18865.41254	-60.9691
18890.07321	-60.9691
18914.73388	-60.9691
18939.39455	-60.9691
18964.05522	-60.9691
18988.71589	-60.9691
19013.37656	-58.5691
19038.03723	-58.5691
19062.6979	-58.5691
19087.35857	-58.5691
19112.01924	-54.5691
19136.67991	-54.5691
19161.34058	-55.3691
19186.00125	-58.5691
19210.66192	-60.9691
19235.32259	-60.9691
19259.98326	-60.9691
19284.64393	-60.9691
19309.3046	-58.5691
19333.96527	-52.5691
19358.62594	-60.9691
19383.28661	-55.3691
19407.94728	-60.9691
19432.60795	-60.9691
19457.26862	-60.9691
19481.92929	-58.5691
19506.58996	-54.5691
19531.25063	-51.3691
19555.9113	-55.3691
19580.57197	-58.5691
19605.23264	-60.9691
19629.89331	-60.9691
19654.55398	-58.5691
19679.21465	-60.9691
19703.87532	-60.9691
19728.53599	-60.9691
19753.19666	-54.5691
19777.85733	-60.9691
19802.518	-60.9691
19827.17867	-60.9691
19851.83934	-60.9691
19876.50001	-60.9691
19901.16068	-60.9691
19925.82135	-60.9691
19950.48202	-58.5691
19975.14269	-58.5691
19999.80336	-52.5691
20024.46403	-52.5691
20049.1247	-58.5691
20073.78537	-60.9691
20098.44604	-60.9691
20123.10671	-54.5691
20147.76738	-55.3691
20172.42805	-58.5691
20197.08872	-60.9691
20221.74939	-60.9691
20246.41006	-60.9691
20271.07073	-58.5691
20295.7314	-54.5691
20320.39207	-60.9691
20345.05274	-58.5691
20369.71341	-58.5691
20394.37408	-60.9691
20419.03475	-60.9691
20443.69542	-55.3691
20468.35609	-45.7691
20493.01676	-45.7691
20517.67743	-47.3691
20542.3381	-51.3691
20566.99877	-60.9691
20591.65944	-60.9691
20616.32011	-60.9691
20640.98078	-60.9691
20665.64145	-60.9691
20690.30212	-60.9691
20714.96279	-60.9691
20739.62346	-60.9691
20764.28413	-60.9691
20788.9448	-60.9691
20813.60547	-58.5691
20838.26614	-55.3691
20862.92681	-55.3691
20887.58748	-55.3691
20912.24815	-54.5691
20936.90882	-60.9691
20961.56949	-60.9691
20986.23016	-60.9691
21010.89083	-60.9691
21035.5515	-60.9691
21060.21217	-60.9691
21084.87284	-60.9691
21109.53351	-60.9691
21134.19418	-60.9691
21158.85485	-60.9691
21183.51552	-55.3691
21208.17619	-54.5691
21232.83686	-58.5691
21257.49753	-58.5691
21282.1582	-60.9691
21306.81887	-60.9691
21331.47954	-60.9691
21356.14021	-60.9691
21380.80088	-60.9691
21405.46155	-60.9691
21430.12222	-60.9691
21454.78289	-58.5691
21479.44356	-60.9691
21504.10423	-54.5691
21528.7649	-60.9691
21553.42557	-60.9691
21578.08624	-60.9691
21602.74691	-60.9691
21627.40758	-60.9691
21652.06825	-60.9691
21676.72892	-60.9691
21701.38959	-60.9691
21726.05026	-60.9691
21750.71093	-60.9691
21775.3716	-60.9691
21800.03227	-55.3691
21824.69294	-55.3691
21849.35361	-55.3691
21874.01428	-60.9691
21898.67495	-58.5691
21923.33562	-58.5691
21947.99629	-60.9691
21972.65696	-60.9691
21997.31763	-60.9691
22021.9783	-60.9691
22046.63897	-60.9691
22071.29964	-60.9691
22095.96031	-60.9691
22120.62098	-60.9691
22145.28165	-60.9691
22169.94232	-58.5691
22194.60299	-55.3691
22219.26366	-60.9691
22243.92433	-60.9691
22268.585	-58.5691
22293.24567	-60.9691
22317.90634	-60.9691
22342.56701	-60.9691
22367.22768	-60.9691
22391.88835	-60.9691
22416.54902	-60.9691
22441.20969	-60.9691
22465.87036	-60.9691
22490.53103	-58.5691
22515.1917	-55.3691
22539.85237	-55.3691
22564.51304	-60.9691
22589.17371	-60.9691
22613.83438	-58.5691
22638.49505	-55.3691
22663.15572	-60.9691
22687.81639	-60.9691
22712.47706	-58.5691
22737.13773	-58.5691
22761.7984	-58.5691
22786.45907	-58.5691
22811.11974	-60.9691
22835.78041	-60.9691
22860.44108	-58.5691
22885.10175	-58.5691
22909.76242	-60.9691
22934.42309	-54.5691
22959.08376	-55.3691
22983.74443	-60.9691
23008.4051	-60.9691
23033.06577	-58.5691
23057.72644	-58.5691
23082.38711	-54.5691
23107.04778	-54.5691
23131.70845	-52.5691
23156.36912	-58.5691
23181.02979	-58.5691
23205.69046	-55.3691
23230.35113	-54.5691
23255.0118	-58.5691
23279.67247	-60.9691
23304.33314	-60.9691
23328.99381	-60.9691
23353.65448	-60.9691
23378.31515	-60.9691
23402.97582	-55.3691
23427.63649	-60.9691
23452.29716	-60.9691
23476.95783	-58.5691
23501.6185	-60.9691
23526.27917	-60.9691
23550.93984	-55.3691
23575.60051	-60.9691
23600.26118	-55.3691
23624.92185	-60.9691
23649.58252	-60.9691
23674.24319	-60.9691
23698.90386	-60.9691
23723.56453	-58.5691
23748.2252	-60.9691
23772.88587	-60.9691
23797.54654	-60.9691
23822.20721	-58.5691
23846.86788	-58.5691
23871.52855	-58.5691
23896.18922	-60.9691
23920.84989	-60.9691
23945.51056	-60.9691
23970.17123	-60.9691
23994.8319	-60.9691
24019.49257	-60.9691
24044.15324	-60.9691
24068.81391	-60.9691
24093.47458	-60.9691
24118.13525	-60.9691
24142.79592	-60.9691
24167.45659	-60.9691
24192.11726	-58.5691
24216.77793	-58.5691
24241.4386	-60.9691
24266.09927	-60.9691
24290.75994	-60.9691
24315.42061	-58.5691
24340.08128	-55.3691
24364.74195	-54.5691
24389.40262	-55.3691
24414.06329	-54.5691
24438.72396	-58.5691
24463.38463	-58.5691
24488.0453	-58.5691
24512.70597	-55.3691
24537.36664	-58.5691
24562.02731	-58.5691
24586.68798	-60.9691
24611.34865	-54.5691
24636.00932	-55.3691
24660.66999	-55.3691
24685.33066	-58.5691
24709.99133	-55.3691
24734.652	-60.9691
24759.31267	-60.9691
24783.97334	-60.9691
24808.63401	-60.9691
24833.29468	-58.5691
24857.95535	-58.5691
24882.61602	-60.9691
24907.27669	-60.9691
24931.93736	-60.9691
24956.59803	-60.9691
24981.2587	-60.9691
25005.91937	-60.9691
25030.58004	-55.3691
25055.24071	-58.5691
25079.90138	-54.5691
25104.56205	-60.9691
25129.22272	-60.9691
25153.88339	-54.5691
25178.54406	-54.5691
25203.20473	-58.5691
25227.8654	-58.5691