t   V
-0.0005	-0.04
-0.0004996	-0.04
-0.0004992	-0.04
-0.0004988	-0.04
-0.0004984	-0.04
-0.000498	-0.04
-0.0004976	-0.04
-0.0004972	-0.04
-0.0004968	-0.056
-0.0004964	-0.056
-0.000496	-0.048
-0.0004956	-0.048
-0.0004952	-0.056
-0.0004948	-0.056
-0.0004944	-0.048
-0.000494	-0.056
-0.0004936	-0.056
-0.0004932	-0.056
-0.0004928	-0.048
-0.0004924	-0.064
-0.000492	-0.056
-0.0004916	-0.056
-0.0004912	-0.056
-0.0004908	-0.056
-0.0004904	-0.048
-0.00049	-0.064
-0.0004896	-0.064
-0.0004892	-0.08
-0.0004888	-0.064
-0.0004884	-0.064
-0.000488	-0.072
-0.0004876	-0.056
-0.0004872	-0.072
-0.0004868	-0.08
-0.0004864	-0.072
-0.000486	-0.072
-0.0004856	-0.072
-0.0004852	-0.08
-0.0004848	-0.072
-0.0004844	-0.08
-0.000484	-0.072
-0.0004836	-0.072
-0.0004832	-0.064
-0.0004828	-0.088
-0.0004824	-0.08
-0.000482	-0.064
-0.0004816	-0.088
-0.0004812	-0.08
-0.0004808	-0.072
-0.0004804	-0.088
-0.00048	-0.088
-0.0004796	-0.08
-0.0004792	-0.096
-0.0004788	-0.096
-0.0004784	-0.096
-0.000478	-0.088
-0.0004776	-0.104
-0.0004772	-0.088
-0.0004768	-0.08
-0.0004764	-0.096
-0.000476	-0.088
-0.0004756	-0.096
-0.0004752	-0.096
-0.0004748	-0.096
-0.0004744	-0.096
-0.000474	-0.096
-0.0004736	-0.104
-0.0004732	-0.104
-0.0004728	-0.096
-0.0004724	-0.104
-0.000472	-0.096
-0.0004716	-0.104
-0.0004712	-0.104
-0.0004708	-0.128
-0.0004704	-0.112
-0.00047	-0.104
-0.0004696	-0.112
-0.0004692	-0.104
-0.0004688	-0.112
-0.0004684	-0.104
-0.000468	-0.12
-0.0004676	-0.12
-0.0004672	-0.112
-0.0004668	-0.128
-0.0004664	-0.104
-0.000466	-0.112
-0.0004656	-0.136
-0.0004652	-0.12
-0.0004648	-0.12
-0.0004644	-0.12
-0.000464	-0.128
-0.0004636	-0.128
-0.0004632	-0.112
-0.0004628	-0.128
-0.0004624	-0.136
-0.000462	-0.128
-0.0004616	-0.136
-0.0004612	-0.136
-0.0004608	-0.128
-0.0004604	-0.136
-0.00046	-0.128
-0.0004596	-0.128
-0.0004592	-0.12
-0.0004588	-0.144
-0.0004584	-0.136
-0.000458	-0.136
-0.0004576	-0.144
-0.0004572	-0.136
-0.0004568	-0.128
-0.0004564	-0.12
-0.000456	-0.144
-0.0004556	-0.152
-0.0004552	-0.152
-0.0004548	-0.144
-0.0004544	-0.144
-0.000454	-0.144
-0.0004536	-0.152
-0.0004532	-0.144
-0.0004528	-0.144
-0.0004524	-0.152
-0.000452	-0.16
-0.0004516	-0.152
-0.0004512	-0.152
-0.0004508	-0.144
-0.0004504	-0.16
-0.00045	-0.152
-0.0004496	-0.16
-0.0004492	-0.16
-0.0004488	-0.152
-0.0004484	-0.16
-0.000448	-0.16
-0.0004476	-0.152
-0.0004472	-0.168
-0.0004468	-0.168
-0.0004464	-0.168
-0.000446	-0.168
-0.0004456	-0.16
-0.0004452	-0.168
-0.0004448	-0.16
-0.0004444	-0.176
-0.000444	-0.168
-0.0004436	-0.168
-0.0004432	-0.168
-0.0004428	-0.176
-0.0004424	-0.184
-0.000442	-0.176
-0.0004416	-0.176
-0.0004412	-0.176
-0.0004408	-0.176
-0.0004404	-0.184
-0.00044	-0.176
-0.0004396	-0.184
-0.0004392	-0.192
-0.0004388	-0.192
-0.0004384	-0.176
-0.000438	-0.184
-0.0004376	-0.168
-0.0004372	-0.176
-0.0004368	-0.176
-0.0004364	-0.184
-0.000436	-0.184
-0.0004356	-0.192
-0.0004352	-0.2
-0.0004348	-0.168
-0.0004344	-0.192
-0.000434	-0.192
-0.0004336	-0.184
-0.0004332	-0.192
-0.0004328	-0.184
-0.0004324	-0.192
-0.000432	-0.192
-0.0004316	-0.192
-0.0004312	-0.2
-0.0004308	-0.192
-0.0004304	-0.2
-0.00043	-0.184
-0.0004296	-0.184
-0.0004292	-0.2
-0.0004288	-0.192
-0.0004284	-0.208
-0.000428	-0.192
-0.0004276	-0.2
-0.0004272	-0.208
-0.0004268	-0.192
-0.0004264	-0.192
-0.000426	-0.208
-0.0004256	-0.216
-0.0004252	-0.208
-0.0004248	-0.2
-0.0004244	-0.216
-0.000424	-0.2
-0.0004236	-0.208
-0.0004232	-0.216
-0.0004228	-0.208
-0.0004224	-0.216
-0.000422	-0.216
-0.0004216	-0.208
-0.0004212	-0.216
-0.0004208	-0.224
-0.0004204	-0.208
-0.00042	-0.216
-0.0004196	-0.224
-0.0004192	-0.224
-0.0004188	-0.216
-0.0004184	-0.216
-0.000418	-0.224
-0.0004176	-0.232
-0.0004172	-0.216
-0.0004168	-0.224
-0.0004164	-0.224
-0.000416	-0.232
-0.0004156	-0.232
-0.0004152	-0.224
-0.0004148	-0.24
-0.0004144	-0.232
-0.000414	-0.224
-0.0004136	-0.24
-0.0004132	-0.224
-0.0004128	-0.232
-0.0004124	-0.24
-0.000412	-0.232
-0.0004116	-0.24
-0.0004112	-0.24
-0.0004108	-0.224
-0.0004104	-0.24
-0.00041	-0.232
-0.0004096	-0.232
-0.0004092	-0.24
-0.0004088	-0.248
-0.0004084	-0.232
-0.000408	-0.24
-0.0004076	-0.232
-0.0004072	-0.256
-0.0004068	-0.24
-0.0004064	-0.24
-0.000406	-0.248
-0.0004056	-0.248
-0.0004052	-0.232
-0.0004048	-0.256
-0.0004044	-0.24
-0.000404	-0.256
-0.0004036	-0.248
-0.0004032	-0.256
-0.0004028	-0.24
-0.0004024	-0.24
-0.000402	-0.248
-0.0004016	-0.248
-0.0004012	-0.256
-0.0004008	-0.256
-0.0004004	-0.248
-0.0004	-0.256
-0.0003996	-0.264
-0.0003992	-0.28
-0.0003988	-0.256
-0.0003984	-0.256
-0.000398	-0.264
-0.0003976	-0.248
-0.0003972	-0.256
-0.0003968	-0.256
-0.0003964	-0.256
-0.000396	-0.256
-0.0003956	-0.264
-0.0003952	-0.264
-0.0003948	-0.256
-0.0003944	-0.264
-0.000394	-0.272
-0.0003936	-0.264
-0.0003932	-0.272
-0.0003928	-0.28
-0.0003924	-0.264
-0.000392	-0.256
-0.0003916	-0.272
-0.0003912	-0.272
-0.0003908	-0.264
-0.0003904	-0.264
-0.00039	-0.272
-0.0003896	-0.272
-0.0003892	-0.296
-0.0003888	-0.272
-0.0003884	-0.272
-0.000388	-0.272
-0.0003876	-0.272
-0.0003872	-0.272
-0.0003868	-0.272
-0.0003864	-0.28
-0.000386	-0.272
-0.0003856	-0.28
-0.0003852	-0.272
-0.0003848	-0.28
-0.0003844	-0.28
-0.000384	-0.288
-0.0003836	-0.28
-0.0003832	-0.288
-0.0003828	-0.28
-0.0003824	-0.288
-0.000382	-0.28
-0.0003816	-0.288
-0.0003812	-0.296
-0.0003808	-0.288
-0.0003804	-0.28
-0.00038	-0.288
-0.0003796	-0.28
-0.0003792	-0.296
-0.0003788	-0.288
-0.0003784	-0.288
-0.000378	-0.288
-0.0003776	-0.288
-0.0003772	-0.28
-0.0003768	-0.296
-0.0003764	-0.296
-0.000376	-0.304
-0.0003756	-0.296
-0.0003752	-0.304
-0.0003748	-0.288
-0.0003744	-0.296
-0.000374	-0.296
-0.0003736	-0.288
-0.0003732	-0.288
-0.0003728	-0.296
-0.0003724	-0.296
-0.000372	-0.304
-0.0003716	-0.304
-0.0003712	-0.296
-0.0003708	-0.312
-0.0003704	-0.296
-0.00037	-0.296
-0.0003696	-0.304
-0.0003692	-0.304
-0.0003688	-0.304
-0.0003684	-0.312
-0.000368	-0.296
-0.0003676	-0.304
-0.0003672	-0.296
-0.0003668	-0.312
-0.0003664	-0.304
-0.000366	-0.304
-0.0003656	-0.296
-0.0003652	-0.32
-0.0003648	-0.304
-0.0003644	-0.296
-0.000364	-0.304
-0.0003636	-0.304
-0.0003632	-0.312
-0.0003628	-0.32
-0.0003624	-0.304
-0.000362	-0.312
-0.0003616	-0.32
-0.0003612	-0.32
-0.0003608	-0.312
-0.0003604	-0.312
-0.00036	-0.328
-0.0003596	-0.32
-0.0003592	-0.32
-0.0003588	-0.312
-0.0003584	-0.304
-0.000358	-0.304
-0.0003576	-0.304
-0.0003572	-0.312
-0.0003568	-0.32
-0.0003564	-0.32
-0.000356	-0.312
-0.0003556	-0.328
-0.0003552	-0.328
-0.0003548	-0.32
-0.0003544	-0.312
-0.000354	-0.312
-0.0003536	-0.32
-0.0003532	-0.336
-0.0003528	-0.328
-0.0003524	-0.328
-0.000352	-0.32
-0.0003516	-0.328
-0.0003512	-0.328
-0.0003508	-0.312
-0.0003504	-0.312
-0.00035	-0.32
-0.0003496	-0.328
-0.0003492	-0.328
-0.0003488	-0.328
-0.0003484	-0.336
-0.000348	-0.32
-0.0003476	-0.328
-0.0003472	-0.32
-0.0003468	-0.336
-0.0003464	-0.336
-0.000346	-0.328
-0.0003456	-0.32
-0.0003452	-0.328
-0.0003448	-0.328
-0.0003444	-0.32
-0.000344	-0.344
-0.0003436	-0.328
-0.0003432	-0.336
-0.0003428	-0.344
-0.0003424	-0.328
-0.000342	-0.336
-0.0003416	-0.336
-0.0003412	-0.344
-0.0003408	-0.328
-0.0003404	-0.328
-0.00034	-0.336
-0.0003396	-0.336
-0.0003392	-0.336
-0.0003388	-0.336
-0.0003384	-0.336
-0.000338	-0.344
-0.0003376	-0.328
-0.0003372	-0.336
-0.0003368	-0.328
-0.0003364	-0.344
-0.000336	-0.328
-0.0003356	-0.32
-0.0003352	-0.344
-0.0003348	-0.328
-0.0003344	-0.336
-0.000334	-0.32
-0.0003336	-0.352
-0.0003332	-0.344
-0.0003328	-0.344
-0.0003324	-0.344
-0.000332	-0.352
-0.0003316	-0.36
-0.0003312	-0.344
-0.0003308	-0.344
-0.0003304	-0.344
-0.00033	-0.352
-0.0003296	-0.352
-0.0003292	-0.344
-0.0003288	-0.344
-0.0003284	-0.352
-0.000328	-0.352
-0.0003276	-0.352
-0.0003272	-0.36
-0.0003268	-0.352
-0.0003264	-0.344
-0.000326	-0.344
-0.0003256	-0.352
-0.0003252	-0.352
-0.0003248	-0.352
-0.0003244	-0.344
-0.000324	-0.344
-0.0003236	-0.36
-0.0003232	-0.352
-0.0003228	-0.36
-0.0003224	-0.352
-0.000322	-0.36
-0.0003216	-0.344
-0.0003212	-0.344
-0.0003208	-0.352
-0.0003204	-0.36
-0.00032	-0.352
-0.0003196	-0.344
-0.0003192	-0.36
-0.0003188	-0.344
-0.0003184	-0.352
-0.000318	-0.352
-0.0003176	-0.344
-0.0003172	-0.352
-0.0003168	-0.36
-0.0003164	-0.344
-0.000316	-0.352
-0.0003156	-0.352
-0.0003152	-0.36
-0.0003148	-0.36
-0.0003144	-0.344
-0.000314	-0.352
-0.0003136	-0.36
-0.0003132	-0.36
-0.0003128	-0.344
-0.0003124	-0.368
-0.000312	-0.352
-0.0003116	-0.36
-0.0003112	-0.352
-0.0003108	-0.368
-0.0003104	-0.36
-0.00031	-0.36
-0.0003096	-0.352
-0.0003092	-0.368
-0.0003088	-0.352
-0.0003084	-0.352
-0.000308	-0.36
-0.0003076	-0.352
-0.0003072	-0.36
-0.0003068	-0.352
-0.0003064	-0.352
-0.000306	-0.36
-0.0003056	-0.36
-0.0003052	-0.36
-0.0003048	-0.352
-0.0003044	-0.368
-0.000304	-0.368
-0.0003036	-0.368
-0.0003032	-0.368
-0.0003028	-0.36
-0.0003024	-0.376
-0.000302	-0.376
-0.0003016	-0.368
-0.0003012	-0.36
-0.0003008	-0.368
-0.0003004	-0.368
-0.0003	-0.36
-0.0002996	-0.368
-0.0002992	-0.368
-0.0002988	-0.36
-0.0002984	-0.368
-0.000298	-0.368
-0.0002976	-0.368
-0.0002972	-0.368
-0.0002968	-0.368
-0.0002964	-0.36
-0.000296	-0.368
-0.0002956	-0.36
-0.0002952	-0.36
-0.0002948	-0.376
-0.0002944	-0.36
-0.000294	-0.368
-0.0002936	-0.368
-0.0002932	-0.36
-0.0002928	-0.376
-0.0002924	-0.36
-0.000292	-0.376
-0.0002916	-0.376
-0.0002912	-0.368
-0.0002908	-0.368
-0.0002904	-0.368
-0.00029	-0.368
-0.0002896	-0.368
-0.0002892	-0.368
-0.0002888	-0.376
-0.0002884	-0.368
-0.000288	-0.36
-0.0002876	-0.376
-0.0002872	-0.36
-0.0002868	-0.368
-0.0002864	-0.368
-0.000286	-0.376
-0.0002856	-0.376
-0.0002852	-0.36
-0.0002848	-0.36
-0.0002844	-0.368
-0.000284	-0.376
-0.0002836	-0.376
-0.0002832	-0.36
-0.0002828	-0.36
-0.0002824	-0.368
-0.000282	-0.368
-0.0002816	-0.368
-0.0002812	-0.368
-0.0002808	-0.368
-0.0002804	-0.368
-0.00028	-0.368
-0.0002796	-0.36
-0.0002792	-0.368
-0.0002788	-0.36
-0.0002784	-0.368
-0.000278	-0.368
-0.0002776	-0.368
-0.0002772	-0.36
-0.0002768	-0.368
-0.0002764	-0.368
-0.000276	-0.368
-0.0002756	-0.368
-0.0002752	-0.376
-0.0002748	-0.36
-0.0002744	-0.384
-0.000274	-0.36
-0.0002736	-0.368
-0.0002732	-0.376
-0.0002728	-0.376
-0.0002724	-0.368
-0.000272	-0.384
-0.0002716	-0.36
-0.0002712	-0.368
-0.0002708	-0.376
-0.0002704	-0.376
-0.00027	-0.368
-0.0002696	-0.376
-0.0002692	-0.376
-0.0002688	-0.368
-0.0002684	-0.352
-0.000268	-0.376
-0.0002676	-0.368
-0.0002672	-0.376
-0.0002668	-0.368
-0.0002664	-0.368
-0.000266	-0.36
-0.0002656	-0.36
-0.0002652	-0.368
-0.0002648	-0.36
-0.0002644	-0.36
-0.000264	-0.352
-0.0002636	-0.368
-0.0002632	-0.368
-0.0002628	-0.36
-0.0002624	-0.368
-0.000262	-0.376
-0.0002616	-0.36
-0.0002612	-0.376
-0.0002608	-0.376
-0.0002604	-0.352
-0.00026	-0.376
-0.0002596	-0.376
-0.0002592	-0.368
-0.0002588	-0.368
-0.0002584	-0.36
-0.000258	-0.368
-0.0002576	-0.36
-0.0002572	-0.36
-0.0002568	-0.368
-0.0002564	-0.36
-0.000256	-0.376
-0.0002556	-0.368
-0.0002552	-0.36
-0.0002548	-0.36
-0.0002544	-0.36
-0.000254	-0.368
-0.0002536	-0.36
-0.0002532	-0.368
-0.0002528	-0.36
-0.0002524	-0.368
-0.000252	-0.36
-0.0002516	-0.352
-0.0002512	-0.368
-0.0002508	-0.368
-0.0002504	-0.368
-0.00025	-0.368
-0.0002496	-0.368
-0.0002492	-0.36
-0.0002488	-0.36
-0.0002484	-0.352
-0.000248	-0.36
-0.0002476	-0.368
-0.0002472	-0.36
-0.0002468	-0.368
-0.0002464	-0.368
-0.000246	-0.368
-0.0002456	-0.36
-0.0002452	-0.36
-0.0002448	-0.36
-0.0002444	-0.36
-0.000244	-0.368
-0.0002436	-0.368
-0.0002432	-0.368
-0.0002428	-0.352
-0.0002424	-0.352
-0.000242	-0.36
-0.0002416	-0.36
-0.0002412	-0.36
-0.0002408	-0.368
-0.0002404	-0.352
-0.00024	-0.36
-0.0002396	-0.352
-0.0002392	-0.352
-0.0002388	-0.36
-0.0002384	-0.368
-0.000238	-0.352
-0.0002376	-0.368
-0.0002372	-0.36
-0.0002368	-0.36
-0.0002364	-0.36
-0.000236	-0.352
-0.0002356	-0.344
-0.0002352	-0.344
-0.0002348	-0.36
-0.0002344	-0.352
-0.000234	-0.344
-0.0002336	-0.36
-0.0002332	-0.36
-0.0002328	-0.352
-0.0002324	-0.36
-0.000232	-0.352
-0.0002316	-0.344
-0.0002312	-0.368
-0.0002308	-0.352
-0.0002304	-0.344
-0.00023	-0.352
-0.0002296	-0.36
-0.0002292	-0.352
-0.0002288	-0.352
-0.0002284	-0.352
-0.000228	-0.36
-0.0002276	-0.36
-0.0002272	-0.368
-0.0002268	-0.352
-0.0002264	-0.352
-0.000226	-0.344
-0.0002256	-0.344
-0.0002252	-0.336
-0.0002248	-0.352
-0.0002244	-0.344
-0.000224	-0.36
-0.0002236	-0.352
-0.0002232	-0.336
-0.0002228	-0.336
-0.0002224	-0.344
-0.000222	-0.336
-0.0002216	-0.352
-0.0002212	-0.352
-0.0002208	-0.336
-0.0002204	-0.344
-0.00022	-0.344
-0.0002196	-0.344
-0.0002192	-0.344
-0.0002188	-0.328
-0.0002184	-0.344
-0.000218	-0.344
-0.0002176	-0.344
-0.0002172	-0.336
-0.0002168	-0.352
-0.0002164	-0.336
-0.000216	-0.344
-0.0002156	-0.344
-0.0002152	-0.336
-0.0002148	-0.344
-0.0002144	-0.336
-0.000214	-0.336
-0.0002136	-0.344
-0.0002132	-0.344
-0.0002128	-0.344
-0.0002124	-0.336
-0.000212	-0.344
-0.0002116	-0.336
-0.0002112	-0.344
-0.0002108	-0.336
-0.0002104	-0.336
-0.00021	-0.328
-0.0002096	-0.336
-0.0002092	-0.336
-0.0002088	-0.328
-0.0002084	-0.328
-0.000208	-0.344
-0.0002076	-0.344
-0.0002072	-0.328
-0.0002068	-0.336
-0.0002064	-0.336
-0.000206	-0.328
-0.0002056	-0.312
-0.0002052	-0.32
-0.0002048	-0.32
-0.0002044	-0.328
-0.000204	-0.32
-0.0002036	-0.32
-0.0002032	-0.328
-0.0002028	-0.32
-0.0002024	-0.32
-0.000202	-0.336
-0.0002016	-0.312
-0.0002012	-0.336
-0.0002008	-0.32
-0.0002004	-0.328
-0.0002	-0.328
-0.0001996	-0.32
-0.0001992	-0.32
-0.0001988	-0.32
-0.0001984	-0.328
-0.000198	-0.328
-0.0001976	-0.312
-0.0001972	-0.312
-0.0001968	-0.312
-0.0001964	-0.328
-0.000196	-0.312
-0.0001956	-0.312
-0.0001952	-0.328
-0.0001948	-0.32
-0.0001944	-0.312
-0.000194	-0.304
-0.0001936	-0.312
-0.0001932	-0.32
-0.0001928	-0.304
-0.0001924	-0.32
-0.000192	-0.32
-0.0001916	-0.304
-0.0001912	-0.312
-0.0001908	-0.304
-0.0001904	-0.328
-0.00019	-0.312
-0.0001896	-0.312
-0.0001892	-0.304
-0.0001888	-0.312
-0.0001884	-0.304
-0.000188	-0.312
-0.0001876	-0.312
-0.0001872	-0.312
-0.0001868	-0.304
-0.0001864	-0.304
-0.000186	-0.304
-0.0001856	-0.312
-0.0001852	-0.32
-0.0001848	-0.312
-0.0001844	-0.312
-0.000184	-0.312
-0.0001836	-0.296
-0.0001832	-0.296
-0.0001828	-0.304
-0.0001824	-0.312
-0.000182	-0.296
-0.0001816	-0.288
-0.0001812	-0.304
-0.0001808	-0.288
-0.0001804	-0.312
-0.00018	-0.296
-0.0001796	-0.296
-0.0001792	-0.288
-0.0001788	-0.296
-0.0001784	-0.296
-0.000178	-0.296
-0.0001776	-0.288
-0.0001772	-0.304
-0.0001768	-0.288
-0.0001764	-0.288
-0.000176	-0.288
-0.0001756	-0.312
-0.0001752	-0.28
-0.0001748	-0.304
-0.0001744	-0.28
-0.000174	-0.28
-0.0001736	-0.288
-0.0001732	-0.288
-0.0001728	-0.28
-0.0001724	-0.28
-0.000172	-0.28
-0.0001716	-0.28
-0.0001712	-0.264
-0.0001708	-0.28
-0.0001704	-0.28
-0.00017	-0.28
-0.0001696	-0.28
-0.0001692	-0.28
-0.0001688	-0.288
-0.0001684	-0.288
-0.000168	-0.272
-0.0001676	-0.272
-0.0001672	-0.28
-0.0001668	-0.28
-0.0001664	-0.28
-0.000166	-0.256
-0.0001656	-0.272
-0.0001652	-0.272
-0.0001648	-0.264
-0.0001644	-0.272
-0.000164	-0.264
-0.0001636	-0.264
-0.0001632	-0.264
-0.0001628	-0.272
-0.0001624	-0.28
-0.000162	-0.264
-0.0001616	-0.256
-0.0001612	-0.256
-0.0001608	-0.256
-0.0001604	-0.256
-0.00016	-0.264
-0.0001596	-0.256
-0.0001592	-0.256
-0.0001588	-0.264
-0.0001584	-0.256
-0.000158	-0.264
-0.0001576	-0.248
-0.0001572	-0.256
-0.0001568	-0.264
-0.0001564	-0.256
-0.000156	-0.248
-0.0001556	-0.264
-0.0001552	-0.256
-0.0001548	-0.264
-0.0001544	-0.256
-0.000154	-0.248
-0.0001536	-0.248
-0.0001532	-0.256
-0.0001528	-0.256
-0.0001524	-0.248
-0.000152	-0.248
-0.0001516	-0.24
-0.0001512	-0.24
-0.0001508	-0.24
-0.0001504	-0.248
-0.00015	-0.24
-0.0001496	-0.24
-0.0001492	-0.24
-0.0001488	-0.224
-0.0001484	-0.24
-0.000148	-0.24
-0.0001476	-0.248
-0.0001472	-0.232
-0.0001468	-0.24
-0.0001464	-0.224
-0.000146	-0.232
-0.0001456	-0.232
-0.0001452	-0.232
-0.0001448	-0.24
-0.0001444	-0.24
-0.000144	-0.232
-0.0001436	-0.24
-0.0001432	-0.24
-0.0001428	-0.224
-0.0001424	-0.224
-0.000142	-0.232
-0.0001416	-0.232
-0.0001412	-0.216
-0.0001408	-0.216
-0.0001404	-0.232
-0.00014	-0.224
-0.0001396	-0.232
-0.0001392	-0.232
-0.0001388	-0.224
-0.0001384	-0.232
-0.000138	-0.208
-0.0001376	-0.224
-0.0001372	-0.224
-0.0001368	-0.224
-0.0001364	-0.216
-0.000136	-0.216
-0.0001356	-0.216
-0.0001352	-0.216
-0.0001348	-0.216
-0.0001344	-0.208
-0.000134	-0.216
-0.0001336	-0.224
-0.0001332	-0.216
-0.0001328	-0.208
-0.0001324	-0.208
-0.000132	-0.208
-0.0001316	-0.208
-0.0001312	-0.208
-0.0001308	-0.208
-0.0001304	-0.216
-0.00013	-0.2
-0.0001296	-0.208
-0.0001292	-0.2
-0.0001288	-0.2
-0.0001284	-0.192
-0.000128	-0.2
-0.0001276	-0.2
-0.0001272	-0.2
-0.0001268	-0.192
-0.0001264	-0.192
-0.000126	-0.2
-0.0001256	-0.192
-0.0001252	-0.192
-0.0001248	-0.192
-0.0001244	-0.192
-0.000124	-0.192
-0.0001236	-0.192
-0.0001232	-0.192
-0.0001228	-0.2
-0.0001224	-0.184
-0.000122	-0.184
-0.0001216	-0.184
-0.0001212	-0.184
-0.0001208	-0.168
-0.0001204	-0.176
-0.00012	-0.168
-0.0001196	-0.184
-0.0001192	-0.16
-0.0001188	-0.176
-0.0001184	-0.192
-0.000118	-0.176
-0.0001176	-0.176
-0.0001172	-0.176
-0.0001168	-0.176
-0.0001164	-0.176
-0.000116	-0.16
-0.0001156	-0.176
-0.0001152	-0.168
-0.0001148	-0.184
-0.0001144	-0.176
-0.000114	-0.16
-0.0001136	-0.168
-0.0001132	-0.168
-0.0001128	-0.16
-0.0001124	-0.16
-0.000112	-0.168
-0.0001116	-0.16
-0.0001112	-0.168
-0.0001108	-0.152
-0.0001104	-0.16
-0.00011	-0.152
-0.0001096	-0.16
-0.0001092	-0.16
-0.0001088	-0.152
-0.0001084	-0.152
-0.000108	-0.16
-0.0001076	-0.144
-0.0001072	-0.144
-0.0001068	-0.144
-0.0001064	-0.144
-0.000106	-0.136
-0.0001056	-0.152
-0.0001052	-0.144
-0.0001048	-0.144
-0.0001044	-0.144
-0.000104	-0.152
-0.0001036	-0.144
-0.0001032	-0.144
-0.0001028	-0.136
-0.0001024	-0.136
-0.000102	-0.128
-0.0001016	-0.136
-0.0001012	-0.144
-0.0001008	-0.144
-0.0001004	-0.136
-0.0001	-0.136
-0.0000996	-0.128
-0.0000992	-0.136
-0.0000988	-0.144
-0.0000984	-0.128
-0.000098	-0.128
-0.0000976	-0.128
-0.0000972	-0.128
-0.0000968	-0.12
-0.0000964	-0.128
-0.000096	-0.128
-0.0000956	-0.128
-0.0000952	-0.128
-0.0000948	-0.128
-0.0000944	-0.128
-0.000094	-0.12
-0.0000936	-0.112
-0.0000932	-0.112
-0.0000928	-0.12
-0.0000924	-0.12
-0.000092	-0.128
-0.0000916	-0.12
-0.0000912	-0.112
-0.0000908	-0.128
-0.0000904	-0.104
-0.00009	-0.112
-0.0000896	-0.112
-0.0000892	-0.112
-0.0000888	-0.104
-0.0000884	-0.104
-0.000088	-0.112
-0.0000876	-0.112
-0.0000872	-0.096
-0.0000868	-0.104
-0.0000864	-0.096
-0.000086	-0.112
-0.0000856	-0.104
-0.0000852	-0.096
-0.0000848	-0.104
-0.0000844	-0.104
-0.000084	-0.072
-0.0000836	-0.096
-0.0000832	-0.104
-0.0000828	-0.08
-0.0000824	-0.096
-0.000082	-0.08
-0.0000816	-0.096
-0.0000812	-0.088
-0.0000808	-0.088
-0.0000804	-0.088
-0.00008	-0.08
-0.0000796	-0.08
-0.0000792	-0.096
-0.0000788	-0.096
-0.0000784	-0.088
-0.000078	-0.072
-0.0000776	-0.072
-0.0000772	-0.072
-0.0000768	-0.072
-0.0000764	-0.08
-0.000076	-0.072
-0.0000756	-0.072
-0.0000752	-0.064
-0.0000748	-0.072
-0.0000744	-0.072
-0.000074	-0.08
-0.0000736	-0.064
-0.0000732	-0.064
-0.0000728	-0.08
-0.0000724	-0.072
-0.000072	-0.064
-0.0000716	-0.072
-0.0000712	-0.064
-0.0000708	-0.072
-0.0000704	-0.056
-0.00007	-0.056
-0.0000696	-0.064
-0.0000692	-0.072
-0.0000688	-0.064
-0.0000684	-0.056
-0.000068	-0.048
-0.0000676	-0.048
-0.0000672	-0.056
-0.0000668	-0.056
-0.0000664	-0.056
-0.000066	-0.048
-0.0000656	-0.048
-0.0000652	-0.04
-0.0000648	-0.048
-0.0000644	-0.056
-0.000064	-0.048
-0.0000636	-0.048
-0.0000632	-0.048
-0.0000628	-0.056
-0.0000624	-0.032
-0.000062	-0.04
-0.0000616	-0.04
-0.0000612	-0.04
-0.0000608	-0.032
-0.0000604	-0.048
-0.00006	-0.048
-0.0000596	-0.04
-0.0000592	-0.032
-0.0000588	-0.024
-0.0000584	-0.04
-0.000058	-0.032
-0.0000576	-0.032
-0.0000572	-0.024
-0.0000568	-0.024
-0.0000564	-0.032
-0.000056	-0.032
-0.0000556	-0.024
-0.0000552	-0.024
-0.0000548	-0.032
-0.0000544	-0.032
-0.000054	-0.008
-0.0000536	-0.024
-0.0000532	-0.016
-0.0000528	-0.032
-0.0000524	-0.024
-0.000052	-0.016
-0.0000516	-0.016
-0.0000512	-0.032
-0.0000508	-0.016
-0.0000504	-0.008
-0.00005	0
-0.0000496	-0.008
-0.0000492	0.016
-0.0000488	0
-0.0000484	-0.008
-0.000048	-0.016
-0.0000476	0
-0.0000472	0
-0.0000468	0.008
-0.0000464	0
-0.000046	0
-0.0000456	0
-0.0000452	-0.008
-0.0000448	0.008
-0.0000444	0
-0.000044	0
-0.0000436	0.008
-0.0000432	0
-0.0000428	-0.008
-0.0000424	0.016
-0.000042	0.016
-0.0000416	0
-0.0000412	0.008
-0.0000408	0.008
-0.0000404	0.008
-0.00004	0.008
-0.0000396	0.016
-0.0000392	0.016
-0.0000388	0.016
-0.0000384	0.016
-0.000038	0.008
-0.0000376	0.024
-0.0000372	0.032
-0.0000368	0.016
-0.0000364	0.016
-0.000036	0.008
-0.0000356	0.008
-0.0000352	0.024
-0.0000348	0.024
-0.0000344	0.032
-0.000034	0.032
-0.0000336	0.016
-0.0000332	0.024
-0.0000328	0.032
-0.0000324	0.032
-0.000032	0.016
-0.0000316	0.032
-0.0000312	0.04
-0.0000308	0.04
-0.0000304	0.04
-0.00003	0.04
-0.0000296	0.04
-0.0000292	0.04
-0.0000288	0.04
-0.0000284	0.04
-0.000028	0.024
-0.0000276	0.048
-0.0000272	0.064
-0.0000268	0.048
-0.0000264	0.056
-0.000026	0.056
-0.0000256	0.056
-0.0000252	0.048
-0.0000248	0.056
-0.0000244	0.056
-0.000024	0.056
-0.0000236	0.056
-0.0000232	0.048
-0.0000228	0.064
-0.0000224	0.072
-0.000022	0.064
-0.0000216	0.064
-0.0000212	0.072
-0.0000208	0.056
-0.0000204	0.072
-0.00002	0.056
-0.0000196	0.064
-0.0000192	0.064
-0.0000188	0.072
-0.0000184	0.064
-0.000018	0.064
-0.0000176	0.064
-0.0000172	0.072
-0.0000168	0.064
-0.0000164	0.064
-0.000016	0.08
-0.0000156	0.064
-0.0000152	0.064
-0.0000148	0.072
-0.0000144	0.072
-0.000014	0.08
-0.0000136	0.072
-0.0000132	0.064
-0.0000128	0.08
-0.0000124	0.088
-0.000012	0.088
-0.0000116	0.072
-0.0000112	0.08
-0.0000108	0.08
-0.0000104	0.08
-0.00001	0.088
-0.0000096	0.096
-0.0000092	0.104
-0.0000088	0.088
-0.0000084	0.08
-0.000008	0.088
-0.0000076	0.096
-0.0000072	0.08
-0.0000068	0.096
-0.0000064	0.08
-0.000006	0.112
-0.0000056	0.096
-0.0000052	0.096
-0.0000048	0.088
-0.0000044	0.088
-0.000004	0.096
-0.0000036	0.088
-0.0000032	0.096
-0.0000028	0.104
-0.0000024	0.104
-0.000002	0.096
-0.0000016	0.112
-0.0000012	0.12
-0.0000008	0.112
-0.0000004	0.112
0	0.104
0.0000004	0.104
0.0000008	0.12
0.0000012	0.112
0.0000016	0.12
0.000002	0.128
0.0000024	0.112
0.0000028	0.12
0.0000032	0.112
0.0000036	0.12
0.000004	0.12
0.0000044	0.112
0.0000048	0.12
0.0000052	0.12
0.0000056	0.128
0.000006	0.128
0.0000064	0.12
0.0000068	0.128
0.0000072	0.136
0.0000076	0.12
0.000008	0.112
0.0000084	0.128
0.0000088	0.136
0.0000092	0.136
0.0000096	0.12
0.00001	0.128
0.0000104	0.136
0.0000108	0.144
0.0000112	0.128
0.0000116	0.136
0.000012	0.152
0.0000124	0.136
0.0000128	0.136
0.0000132	0.136
0.0000136	0.144
0.000014	0.136
0.0000144	0.144
0.0000148	0.128
0.0000152	0.144
0.0000156	0.144
0.000016	0.152
0.0000164	0.144
0.0000168	0.152
0.0000172	0.16
0.0000176	0.152
0.000018	0.144
0.0000184	0.16
0.0000188	0.16
0.0000192	0.136
0.0000196	0.144
0.00002	0.152
0.0000204	0.152
0.0000208	0.16
0.0000212	0.152
0.0000216	0.168
0.000022	0.16
0.0000224	0.144
0.0000228	0.16
0.0000232	0.152
0.0000236	0.176
0.000024	0.168
0.0000244	0.168
0.0000248	0.168
0.0000252	0.168
0.0000256	0.168
0.000026	0.176
0.0000264	0.176
0.0000268	0.176
0.0000272	0.168
0.0000276	0.176
0.000028	0.176
0.0000284	0.168
0.0000288	0.168
0.0000292	0.176
0.0000296	0.16
0.00003	0.184
0.0000304	0.168
0.0000308	0.176
0.0000312	0.168
0.0000316	0.184
0.000032	0.184
0.0000324	0.192
0.0000328	0.184
0.0000332	0.176
0.0000336	0.2
0.000034	0.184
0.0000344	0.176
0.0000348	0.184
0.0000352	0.184
0.0000356	0.192
0.000036	0.184
0.0000364	0.184
0.0000368	0.2
0.0000372	0.2
0.0000376	0.2
0.000038	0.192
0.0000384	0.216
0.0000388	0.2
0.0000392	0.2
0.0000396	0.184
0.00004	0.2
0.0000404	0.192
0.0000408	0.2
0.0000412	0.192
0.0000416	0.2
0.000042	0.2
0.0000424	0.208
0.0000428	0.2
0.0000432	0.2
0.0000436	0.2
0.000044	0.2
0.0000444	0.2
0.0000448	0.192
0.0000452	0.208
0.0000456	0.208
0.000046	0.192
0.0000464	0.208
0.0000468	0.208
0.0000472	0.208
0.0000476	0.2
0.000048	0.216
0.0000484	0.224
0.0000488	0.216
0.0000492	0.208
0.0000496	0.208
0.00005	0.216
0.0000504	0.224
0.0000508	0.224
0.0000512	0.216
0.0000516	0.224
0.000052	0.216
0.0000524	0.216
0.0000528	0.224
0.0000532	0.232
0.0000536	0.224
0.000054	0.24
0.0000544	0.224
0.0000548	0.216
0.0000552	0.216
0.0000556	0.232
0.000056	0.216
0.0000564	0.248
0.0000568	0.232
0.0000572	0.216
0.0000576	0.216
0.000058	0.24
0.0000584	0.24
0.0000588	0.232
0.0000592	0.224
0.0000596	0.224
0.00006	0.224
0.0000604	0.232
0.0000608	0.24
0.0000612	0.248
0.0000616	0.24
0.000062	0.24
0.0000624	0.248
0.0000628	0.24
0.0000632	0.256
0.0000636	0.24
0.000064	0.232
0.0000644	0.24
0.0000648	0.256
0.0000652	0.24
0.0000656	0.248
0.000066	0.248
0.0000664	0.264
0.0000668	0.248
0.0000672	0.256
0.0000676	0.24
0.000068	0.264
0.0000684	0.256
0.0000688	0.256
0.0000692	0.248
0.0000696	0.256
0.00007	0.264
0.0000704	0.248
0.0000708	0.248
0.0000712	0.248
0.0000716	0.264
0.000072	0.264
0.0000724	0.264
0.0000728	0.256
0.0000732	0.256
0.0000736	0.256
0.000074	0.264
0.0000744	0.264
0.0000748	0.256
0.0000752	0.256
0.0000756	0.256
0.000076	0.264
0.0000764	0.272
0.0000768	0.264
0.0000772	0.264
0.0000776	0.272
0.000078	0.28
0.0000784	0.264
0.0000788	0.264
0.0000792	0.264
0.0000796	0.272
0.00008	0.264
0.0000804	0.272
0.0000808	0.272
0.0000812	0.272
0.0000816	0.272
0.000082	0.28
0.0000824	0.272
0.0000828	0.288
0.0000832	0.28
0.0000836	0.28
0.000084	0.272
0.0000844	0.28
0.0000848	0.272
0.0000852	0.28
0.0000856	0.272
0.000086	0.272
0.0000864	0.28
0.0000868	0.288
0.0000872	0.28
0.0000876	0.28
0.000088	0.296
0.0000884	0.28
0.0000888	0.28
0.0000892	0.28
0.0000896	0.288
0.00009	0.296
0.0000904	0.288
0.0000908	0.296
0.0000912	0.288
0.0000916	0.28
0.000092	0.28
0.0000924	0.28
0.0000928	0.296
0.0000932	0.288
0.0000936	0.296
0.000094	0.288
0.0000944	0.28
0.0000948	0.296
0.0000952	0.304
0.0000956	0.296
0.000096	0.296
0.0000964	0.304
0.0000968	0.312
0.0000972	0.288
0.0000976	0.304
0.000098	0.312
0.0000984	0.296
0.0000988	0.288
0.0000992	0.304
0.0000996	0.304
0.0001	0.304
0.0001004	0.304
0.0001008	0.304
0.0001012	0.304
0.0001016	0.296
0.000102	0.296
0.0001024	0.296
0.0001028	0.304
0.0001032	0.304
0.0001036	0.296
0.000104	0.296
0.0001044	0.304
0.0001048	0.296
0.0001052	0.32
0.0001056	0.304
0.000106	0.304
0.0001064	0.312
0.0001068	0.312
0.0001072	0.304
0.0001076	0.312
0.000108	0.312
0.0001084	0.32
0.0001088	0.288
0.0001092	0.312
0.0001096	0.32
0.00011	0.328
0.0001104	0.304
0.0001108	0.328
0.0001112	0.32
0.0001116	0.32
0.000112	0.312
0.0001124	0.304
0.0001128	0.32
0.0001132	0.32
0.0001136	0.312
0.000114	0.304
0.0001144	0.328
0.0001148	0.312
0.0001152	0.304
0.0001156	0.304
0.000116	0.32
0.0001164	0.32
0.0001168	0.312
0.0001172	0.312
0.0001176	0.32
0.000118	0.32
0.0001184	0.32
0.0001188	0.32
0.0001192	0.328
0.0001196	0.32
0.00012	0.328
0.0001204	0.328
0.0001208	0.336
0.0001212	0.336
0.0001216	0.336
0.000122	0.32
0.0001224	0.336
0.0001228	0.328
0.0001232	0.32
0.0001236	0.32
0.000124	0.32
0.0001244	0.328
0.0001248	0.328
0.0001252	0.312
0.0001256	0.32
0.000126	0.328
0.0001264	0.328
0.0001268	0.328
0.0001272	0.336
0.0001276	0.336
0.000128	0.336
0.0001284	0.328
0.0001288	0.312
0.0001292	0.336
0.0001296	0.328
0.00013	0.328
0.0001304	0.336
0.0001308	0.336
0.0001312	0.328
0.0001316	0.328
0.000132	0.328
0.0001324	0.344
0.0001328	0.336
0.0001332	0.344
0.0001336	0.328
0.000134	0.344
0.0001344	0.344
0.0001348	0.352
0.0001352	0.328
0.0001356	0.344
0.000136	0.344
0.0001364	0.328
0.0001368	0.328
0.0001372	0.344
0.0001376	0.36
0.000138	0.352
0.0001384	0.336
0.0001388	0.328
0.0001392	0.344
0.0001396	0.336
0.00014	0.344
0.0001404	0.344
0.0001408	0.344
0.0001412	0.352
0.0001416	0.344
0.000142	0.352
0.0001424	0.352
0.0001428	0.344
0.0001432	0.336
0.0001436	0.336
0.000144	0.344
0.0001444	0.344
0.0001448	0.344
0.0001452	0.344
0.0001456	0.352
0.000146	0.352
0.0001464	0.344
0.0001468	0.344
0.0001472	0.36
0.0001476	0.344
0.000148	0.352
0.0001484	0.344
0.0001488	0.344
0.0001492	0.344
0.0001496	0.352
0.00015	0.344
0.0001504	0.352
0.0001508	0.36
0.0001512	0.352
0.0001516	0.336
0.000152	0.36
0.0001524	0.344
0.0001528	0.352
0.0001532	0.36
0.0001536	0.352
0.000154	0.352
0.0001544	0.36
0.0001548	0.352
0.0001552	0.352
0.0001556	0.36
0.000156	0.352
0.0001564	0.344
0.0001568	0.344
0.0001572	0.352
0.0001576	0.36
0.000158	0.368
0.0001584	0.352
0.0001588	0.36
0.0001592	0.36
0.0001596	0.36
0.00016	0.352
0.0001604	0.376
0.0001608	0.368
0.0001612	0.36
0.0001616	0.36
0.000162	0.368
0.0001624	0.368
0.0001628	0.376
0.0001632	0.352
0.0001636	0.344
0.000164	0.36
0.0001644	0.368
0.0001648	0.36
0.0001652	0.368
0.0001656	0.368
0.000166	0.36
0.0001664	0.352
0.0001668	0.36
0.0001672	0.368
0.0001676	0.368
0.000168	0.352
0.0001684	0.36
0.0001688	0.36
0.0001692	0.36
0.0001696	0.368
0.00017	0.36
0.0001704	0.36
0.0001708	0.368
0.0001712	0.368
0.0001716	0.352
0.000172	0.36
0.0001724	0.352
0.0001728	0.368
0.0001732	0.352
0.0001736	0.368
0.000174	0.368
0.0001744	0.376
0.0001748	0.344
0.0001752	0.36
0.0001756	0.368
0.000176	0.36
0.0001764	0.352
0.0001768	0.36
0.0001772	0.376
0.0001776	0.368
0.000178	0.36
0.0001784	0.368
0.0001788	0.36
0.0001792	0.36
0.0001796	0.352
0.00018	0.36
0.0001804	0.368
0.0001808	0.376
0.0001812	0.368
0.0001816	0.368
0.000182	0.376
0.0001824	0.376
0.0001828	0.368
0.0001832	0.36
0.0001836	0.368
0.000184	0.368
0.0001844	0.368
0.0001848	0.352
0.0001852	0.368
0.0001856	0.368
0.000186	0.368
0.0001864	0.36
0.0001868	0.376
0.0001872	0.368
0.0001876	0.376
0.000188	0.36
0.0001884	0.36
0.0001888	0.368
0.0001892	0.36
0.0001896	0.368
0.00019	0.376
0.0001904	0.368
0.0001908	0.36
0.0001912	0.368
0.0001916	0.36
0.000192	0.376
0.0001924	0.368
0.0001928	0.36
0.0001932	0.36
0.0001936	0.368
0.000194	0.376
0.0001944	0.368
0.0001948	0.36
0.0001952	0.36
0.0001956	0.368
0.000196	0.368
0.0001964	0.376
0.0001968	0.384
0.0001972	0.368
0.0001976	0.368
0.000198	0.368
0.0001984	0.376
0.0001988	0.36
0.0001992	0.376
0.0001996	0.368
0.0002	0.368
0.0002004	0.376
0.0002008	0.368
0.0002012	0.368
0.0002016	0.376
0.000202	0.368
0.0002024	0.352
0.0002028	0.352
0.0002032	0.36
0.0002036	0.36
0.000204	0.368
0.0002044	0.352
0.0002048	0.368
0.0002052	0.368
0.0002056	0.368
0.000206	0.344
0.0002064	0.36
0.0002068	0.36
0.0002072	0.36
0.0002076	0.352
0.000208	0.36
0.0002084	0.36
0.0002088	0.376
0.0002092	0.376
0.0002096	0.36
0.00021	0.36
0.0002104	0.36
0.0002108	0.352
0.0002112	0.36
0.0002116	0.368
0.000212	0.368
0.0002124	0.368
0.0002128	0.352
0.0002132	0.368
0.0002136	0.368
0.000214	0.368
0.0002144	0.344
0.0002148	0.36
0.0002152	0.36
0.0002156	0.36
0.000216	0.36
0.0002164	0.36
0.0002168	0.36
0.0002172	0.36
0.0002176	0.344
0.000218	0.36
0.0002184	0.368
0.0002188	0.36
0.0002192	0.352
0.0002196	0.36
0.00022	0.352
0.0002204	0.36
0.0002208	0.36
0.0002212	0.352
0.0002216	0.352
0.000222	0.36
0.0002224	0.36
0.0002228	0.344
0.0002232	0.36
0.0002236	0.352
0.000224	0.36
0.0002244	0.336
0.0002248	0.36
0.0002252	0.352
0.0002256	0.352
0.000226	0.36
0.0002264	0.36
0.0002268	0.352
0.0002272	0.36
0.0002276	0.352
0.000228	0.352
0.0002284	0.36
0.0002288	0.352
0.0002292	0.368
0.0002296	0.36
0.00023	0.368
0.0002304	0.36
0.0002308	0.352
0.0002312	0.352
0.0002316	0.368
0.000232	0.352
0.0002324	0.344
0.0002328	0.352
0.0002332	0.344
0.0002336	0.352
0.000234	0.352
0.0002344	0.352
0.0002348	0.352
0.0002352	0.368
0.0002356	0.344
0.000236	0.344
0.0002364	0.352
0.0002368	0.352
0.0002372	0.336
0.0002376	0.344
0.000238	0.352
0.0002384	0.352
0.0002388	0.344
0.0002392	0.344
0.0002396	0.344
0.00024	0.344
0.0002404	0.344
0.0002408	0.352
0.0002412	0.352
0.0002416	0.352
0.000242	0.344
0.0002424	0.344
0.0002428	0.336
0.0002432	0.352
0.0002436	0.344
0.000244	0.336
0.0002444	0.344
0.0002448	0.344
0.0002452	0.352
0.0002456	0.336
0.000246	0.336
0.0002464	0.344
0.0002468	0.352
0.0002472	0.336
0.0002476	0.344
0.000248	0.328
0.0002484	0.344
0.0002488	0.344
0.0002492	0.336
0.0002496	0.336
0.00025	0.344
0.0002504	0.336
0.0002508	0.336
0.0002512	0.328
0.0002516	0.344
0.000252	0.344
0.0002524	0.328
0.0002528	0.336
0.0002532	0.328
0.0002536	0.344
0.000254	0.32
0.0002544	0.336
0.0002548	0.336
0.0002552	0.336
0.0002556	0.328
0.000256	0.336
0.0002564	0.336
0.0002568	0.336
0.0002572	0.328
0.0002576	0.328
0.000258	0.336
0.0002584	0.328
0.0002588	0.336
0.0002592	0.336
0.0002596	0.328
0.00026	0.336
0.0002604	0.32
0.0002608	0.328
0.0002612	0.336
0.0002616	0.32
0.000262	0.328
0.0002624	0.32
0.0002628	0.328
0.0002632	0.32
0.0002636	0.32
0.000264	0.312
0.0002644	0.328
0.0002648	0.328
0.0002652	0.32
0.0002656	0.312
0.000266	0.32
0.0002664	0.328
0.0002668	0.336
0.0002672	0.32
0.0002676	0.328
0.000268	0.32
0.0002684	0.32
0.0002688	0.32
0.0002692	0.32
0.0002696	0.32
0.00027	0.344
0.0002704	0.312
0.0002708	0.32
0.0002712	0.328
0.0002716	0.32
0.000272	0.296
0.0002724	0.32
0.0002728	0.328
0.0002732	0.304
0.0002736	0.304
0.000274	0.304
0.0002744	0.312
0.0002748	0.312
0.0002752	0.304
0.0002756	0.312
0.000276	0.304
0.0002764	0.304
0.0002768	0.304
0.0002772	0.304
0.0002776	0.32
0.000278	0.312
0.0002784	0.312
0.0002788	0.296
0.0002792	0.296
0.0002796	0.312
0.00028	0.304
0.0002804	0.304
0.0002808	0.312
0.0002812	0.304
0.0002816	0.312
0.000282	0.296
0.0002824	0.296
0.0002828	0.296
0.0002832	0.304
0.0002836	0.296
0.000284	0.288
0.0002844	0.304
0.0002848	0.296
0.0002852	0.288
0.0002856	0.296
0.000286	0.304
0.0002864	0.296
0.0002868	0.296
0.0002872	0.288
0.0002876	0.296
0.000288	0.288
0.0002884	0.288
0.0002888	0.296
0.0002892	0.296
0.0002896	0.288
0.00029	0.28
0.0002904	0.288
0.0002908	0.28
0.0002912	0.288
0.0002916	0.288
0.000292	0.28
0.0002924	0.288
0.0002928	0.288
0.0002932	0.288
0.0002936	0.288
0.000294	0.28
0.0002944	0.288
0.0002948	0.272
0.0002952	0.264
0.0002956	0.28
0.000296	0.288
0.0002964	0.28
0.0002968	0.272
0.0002972	0.264
0.0002976	0.28
0.000298	0.272
0.0002984	0.272
0.0002988	0.272
0.0002992	0.272
0.0002996	0.272
0.0003	0.272
0.0003004	0.264
0.0003008	0.28
0.0003012	0.28
0.0003016	0.264
0.000302	0.264
0.0003024	0.264
0.0003028	0.264
0.0003032	0.264
0.0003036	0.272
0.000304	0.264
0.0003044	0.264
0.0003048	0.288
0.0003052	0.256
0.0003056	0.264
0.000306	0.272
0.0003064	0.264
0.0003068	0.232
0.0003072	0.256
0.0003076	0.264
0.000308	0.256
0.0003084	0.256
0.0003088	0.256
0.0003092	0.264
0.0003096	0.256
0.00031	0.256
0.0003104	0.24
0.0003108	0.248
0.0003112	0.256
0.0003116	0.256
0.000312	0.248
0.0003124	0.248
0.0003128	0.248
0.0003132	0.248
0.0003136	0.248
0.000314	0.256
0.0003144	0.256
0.0003148	0.232
0.0003152	0.248
0.0003156	0.248
0.000316	0.248
0.0003164	0.248
0.0003168	0.232
0.0003172	0.24
0.0003176	0.24
0.000318	0.248
0.0003184	0.224
0.0003188	0.24
0.0003192	0.24
0.0003196	0.256
0.00032	0.216
0.0003204	0.24
0.0003208	0.232
0.0003212	0.248
0.0003216	0.232
0.000322	0.224
0.0003224	0.24
0.0003228	0.232
0.0003232	0.224
0.0003236	0.216
0.000324	0.24
0.0003244	0.224
0.0003248	0.216
0.0003252	0.216
0.0003256	0.232
0.000326	0.24
0.0003264	0.216
0.0003268	0.208
0.0003272	0.216
0.0003276	0.216
0.000328	0.224
0.0003284	0.224
0.0003288	0.224
0.0003292	0.208
0.0003296	0.208
0.00033	0.208
0.0003304	0.216
0.0003308	0.224
0.0003312	0.216
0.0003316	0.208
0.000332	0.216
0.0003324	0.208
0.0003328	0.216
0.0003332	0.192
0.0003336	0.2
0.000334	0.216
0.0003344	0.208
0.0003348	0.2
0.0003352	0.192
0.0003356	0.2
0.000336	0.2
0.0003364	0.192
0.0003368	0.2
0.0003372	0.192
0.0003376	0.208
0.000338	0.192
0.0003384	0.192
0.0003388	0.192
0.0003392	0.2
0.0003396	0.208
0.00034	0.184
0.0003404	0.192
0.0003408	0.2
0.0003412	0.192
0.0003416	0.184
0.000342	0.184
0.0003424	0.184
0.0003428	0.2
0.0003432	0.184
0.0003436	0.184
0.000344	0.176
0.0003444	0.192
0.0003448	0.176
0.0003452	0.184
0.0003456	0.168
0.000346	0.184
0.0003464	0.168
0.0003468	0.176
0.0003472	0.184
0.0003476	0.184
0.000348	0.168
0.0003484	0.184
0.0003488	0.176
0.0003492	0.184
0.0003496	0.176
0.00035	0.176
0.0003504	0.16
0.0003508	0.176
0.0003512	0.168
0.0003516	0.168
0.000352	0.16
0.0003524	0.16
0.0003528	0.16
0.0003532	0.16
0.0003536	0.16
0.000354	0.168
0.0003544	0.16
0.0003548	0.168
0.0003552	0.152
0.0003556	0.168
0.000356	0.16
0.0003564	0.144
0.0003568	0.16
0.0003572	0.16
0.0003576	0.152
0.000358	0.152
0.0003584	0.16
0.0003588	0.152
0.0003592	0.152
0.0003596	0.144
0.00036	0.136
0.0003604	0.152
0.0003608	0.152
0.0003612	0.136
0.0003616	0.152
0.000362	0.144
0.0003624	0.152
0.0003628	0.136
0.0003632	0.136
0.0003636	0.144
0.000364	0.144
0.0003644	0.128
0.0003648	0.136
0.0003652	0.136
0.0003656	0.152
0.000366	0.136
0.0003664	0.136
0.0003668	0.12
0.0003672	0.136
0.0003676	0.136
0.000368	0.136
0.0003684	0.12
0.0003688	0.128
0.0003692	0.128
0.0003696	0.128
0.00037	0.136
0.0003704	0.136
0.0003708	0.12
0.0003712	0.112
0.0003716	0.128
0.000372	0.112
0.0003724	0.128
0.0003728	0.104
0.0003732	0.128
0.0003736	0.12
0.000374	0.12
0.0003744	0.12
0.0003748	0.112
0.0003752	0.12
0.0003756	0.112
0.000376	0.112
0.0003764	0.096
0.0003768	0.112
0.0003772	0.12
0.0003776	0.104
0.000378	0.104
0.0003784	0.096
0.0003788	0.096
0.0003792	0.104
0.0003796	0.088
0.00038	0.104
0.0003804	0.08
0.0003808	0.104
0.0003812	0.096
0.0003816	0.088
0.000382	0.096
0.0003824	0.096
0.0003828	0.088
0.0003832	0.096
0.0003836	0.088
0.000384	0.096
0.0003844	0.088
0.0003848	0.096
0.0003852	0.096
0.0003856	0.096
0.000386	0.072
0.0003864	0.088
0.0003868	0.096
0.0003872	0.088
0.0003876	0.08
0.000388	0.08
0.0003884	0.08
0.0003888	0.088
0.0003892	0.08
0.0003896	0.08
0.00039	0.064
0.0003904	0.064
0.0003908	0.064
0.0003912	0.064
0.0003916	0.064
0.000392	0.064
0.0003924	0.072
0.0003928	0.08
0.0003932	0.08
0.0003936	0.064
0.000394	0.072
0.0003944	0.056
0.0003948	0.064
0.0003952	0.064
0.0003956	0.064
0.000396	0.056
0.0003964	0.064
0.0003968	0.064
0.0003972	0.056
0.0003976	0.056
0.000398	0.056
0.0003984	0.064
0.0003988	0.064
0.0003992	0.056
0.0003996	0.048
0.0004	0.056
0.0004004	0.04
0.0004008	0.048
0.0004012	0.048
0.0004016	0.056
0.000402	0.048
0.0004024	0.04
0.0004028	0.04
0.0004032	0.056
0.0004036	0.032
0.000404	0.048
0.0004044	0.048
0.0004048	0.032
0.0004052	0.04
0.0004056	0.024
0.000406	0.04
0.0004064	0.032
0.0004068	0.032
0.0004072	0.032
0.0004076	0.032
0.000408	0.04
0.0004084	0.024
0.0004088	0.024
0.0004092	0.024
0.0004096	0.032
0.00041	0.032
0.0004104	0.024
0.0004108	0.016
0.0004112	0.024
0.0004116	0.032
0.000412	0.008
0.0004124	0.008
0.0004128	0.024
0.0004132	0.032
0.0004136	0.008
0.000414	0.016
0.0004144	0.024
0.0004148	0.008
0.0004152	0.016
0.0004156	0.008
0.000416	0.008
0.0004164	0.008
0.0004168	0.016
0.0004172	0.016
0.0004176	0
0.000418	0
0.0004184	0.016
0.0004188	0
0.0004192	0.008
0.0004196	0
0.00042	0
0.0004204	-0.008
0.0004208	0
0.0004212	0.008
0.0004216	0
0.000422	0.008
0.0004224	-0.008
0.0004228	0
0.0004232	-0.008
0.0004236	-0.016
0.000424	-0.016
0.0004244	-0.008
0.0004248	-0.008
0.0004252	-0.016
0.0004256	-0.008
0.000426	-0.008
0.0004264	0
0.0004268	-0.016
0.0004272	-0.016
0.0004276	0
0.000428	-0.016
0.0004284	-0.008
0.0004288	-0.032
0.0004292	-0.008
0.0004296	-0.008
0.00043	-0.016
0.0004304	-0.032
0.0004308	-0.024
0.0004312	-0.024
0.0004316	-0.04
0.000432	-0.04
0.0004324	-0.032
0.0004328	-0.016
0.0004332	-0.032
0.0004336	-0.032
0.000434	-0.032
0.0004344	-0.032
0.0004348	-0.04
0.0004352	-0.04
0.0004356	-0.024
0.000436	-0.04
0.0004364	-0.04
0.0004368	-0.048
0.0004372	-0.048
0.0004376	-0.04
0.000438	-0.032
0.0004384	-0.048
0.0004388	-0.048
0.0004392	-0.04
0.0004396	-0.048
0.00044	-0.048
0.0004404	-0.048
0.0004408	-0.04
0.0004412	-0.056
0.0004416	-0.048
0.000442	-0.04
0.0004424	-0.048
0.0004428	-0.048
0.0004432	-0.064
0.0004436	-0.056
0.000444	-0.072
0.0004444	-0.04
0.0004448	-0.048
0.0004452	-0.064
0.0004456	-0.056
0.000446	-0.056
0.0004464	-0.08
0.0004468	-0.064
0.0004472	-0.064
0.0004476	-0.072
0.000448	-0.056
0.0004484	-0.08
0.0004488	-0.072
0.0004492	-0.064
0.0004496	-0.072
0.00045	-0.072
0.0004504	-0.08
0.0004508	-0.072
0.0004512	-0.08
0.0004516	-0.072
0.000452	-0.104
0.0004524	-0.072
0.0004528	-0.072
0.0004532	-0.088
0.0004536	-0.088
0.000454	-0.088
0.0004544	-0.08
0.0004548	-0.088
0.0004552	-0.096
0.0004556	-0.088
0.000456	-0.08
0.0004564	-0.096
0.0004568	-0.088
0.0004572	-0.088
0.0004576	-0.088
0.000458	-0.096
0.0004584	-0.104
0.0004588	-0.096
0.0004592	-0.088
0.0004596	-0.096
0.00046	-0.104
0.0004604	-0.088
0.0004608	-0.096
0.0004612	-0.104
0.0004616	-0.104
0.000462	-0.104
0.0004624	-0.104
0.0004628	-0.096
0.0004632	-0.104
0.0004636	-0.112
0.000464	-0.104
0.0004644	-0.112
0.0004648	-0.112
0.0004652	-0.112
0.0004656	-0.112
0.000466	-0.112
0.0004664	-0.12
0.0004668	-0.112
0.0004672	-0.112
0.0004676	-0.112
0.000468	-0.112
0.0004684	-0.12
0.0004688	-0.128
0.0004692	-0.12
0.0004696	-0.136
0.00047	-0.12
0.0004704	-0.128
0.0004708	-0.12
0.0004712	-0.128
0.0004716	-0.128
0.000472	-0.128
0.0004724	-0.12
0.0004728	-0.136
0.0004732	-0.128
0.0004736	-0.128
0.000474	-0.112
0.0004744	-0.128
0.0004748	-0.136
0.0004752	-0.136
0.0004756	-0.136
0.000476	-0.144
0.0004764	-0.136
0.0004768	-0.144
0.0004772	-0.128
0.0004776	-0.128
0.000478	-0.136
0.0004784	-0.144
0.0004788	-0.152
0.0004792	-0.136
0.0004796	-0.144
0.00048	-0.144
0.0004804	-0.144
0.0004808	-0.144
0.0004812	-0.144
0.0004816	-0.152
0.000482	-0.152
0.0004824	-0.144
0.0004828	-0.16
0.0004832	-0.152
0.0004836	-0.16
0.000484	-0.152
0.0004844	-0.152
0.0004848	-0.168
0.0004852	-0.16
0.0004856	-0.168
0.000486	-0.16
0.0004864	-0.16
0.0004868	-0.176
0.0004872	-0.144
0.0004876	-0.168
0.000488	-0.16
0.0004884	-0.16
0.0004888	-0.16
0.0004892	-0.16
0.0004896	-0.168
0.00049	-0.168
0.0004904	-0.168
0.0004908	-0.168
0.0004912	-0.168
0.0004916	-0.176
0.000492	-0.168
0.0004924	-0.176
0.0004928	-0.184
0.0004932	-0.168
0.0004936	-0.184
0.000494	-0.176
0.0004944	-0.184
0.0004948	-0.184
0.0004952	-0.176
0.0004956	-0.176
0.000496	-0.184
0.0004964	-0.184
0.0004968	-0.184
0.0004972	-0.168
0.0004976	-0.184
0.000498	-0.184
0.0004984	-0.184
0.0004988	-0.192
0.0004992	-0.192
0.0004996	-0.184
